1,B,932,20,315
1,B,941,24,316
1,B,954,29,307
1,B,978,25,300
1,B,1016,13,297
1,B,1091,-24,370
1,B,1138,-30,392
1,B,1199,-26,410
1,B,1259,-25,424
1,B,1311,-15,433
1,B,1342,-10,426
1,B,1353,37,399
1,B,1352,50,381
1,B,1339,45,353
1,B,1339,20,310
1,B,1360,-9,270
1,B,1385,-31,301
1,B,1353,-83,393
1,B,1328,-91,397
1,B,1306,-102,376
1,B,1303,-124,351
1,B,1304,-141,322
1,B,1290,-142,284
1,B,1289,-144,242
1,B,1309,-173,239
1,B,1322,-175,231
1,B,1321,-152,227
1,B,1329,-112,240
1,B,1316,-39,279
1,B,1344,-56,288
1,B,1344,-109,259
1,B,1299,-136,242
1,B,1269,-171,233
1,B,1298,-234,274
1,B,1247,-269,337
1,B,1074,-209,222
1,B,998,-193,242
1,B,940,-303,330
1,B,937,-405,405
1,B,951,-340,427
1,B,945,-172,388
1,B,979,-73,327
1,B,982,-43,290
1,B,966,-98,279
1,B,957,-256,319
1,B,939,-359,335
1,B,905,-382,317
1,B,885,-440,304
1,B,877,-479,354
1,B,880,-485,420
1,B,873,-503,480
1,B,860,-564,545
1,B,839,-731,598
1,B,792,-730,536
1,B,786,-713,437
1,B,745,-697,395
1,B,672,-636,403
1,B,603,-596,370
1,B,528,-586,271
1,B,523,-549,228
1,B,521,-521,195
1,B,510,-498,169
1,B,501,-460,133
1,B,512,-399,101
1,B,516,-191,103
1,B,519,-64,140
1,B,520,16,158
1,B,526,51,172
1,B,524,85,185
1,B,509,138,193
1,B,464,135,196
1,B,470,83,165
1,B,486,73,115
1,B,484,113,68
1,B,465,155,51
1,B,436,210,58
1,B,429,345,70
1,B,428,404,136
1,B,422,463,163
1,B,412,502,152
1,B,424,481,141
1,B,448,452,142
1,B,439,536,134
1,B,419,598,115
1,B,430,663,86
1,B,454,721,52
1,B,460,751,29
1,B,469,761,29
1,B,479,881,16
1,B,475,972,5
1,B,487,1088,-1
1,B,516,1210,-3
1,B,553,1278,3
1,B,595,1284,12
1,B,645,1213,7
1,B,654,1302,-28
1,B,685,1349,-58
1,B,688,1428,-101
1,B,688,1523,-150
1,B,686,1608,-213
1,B,771,1603,-259
1,B,808,1540,-219
1,B,804,1466,-152
1,B,789,1380,-91
1,B,802,1283,-52
1,B,837,1224,-39
1,B,876,1090,16
1,B,899,995,63
1,B,934,886,132
1,B,975,773,185
1,B,982,637,197
1,B,1016,490,123
1,B,1043,279,150
1,B,1003,176,227
1,B,957,-63,358
1,B,926,-399,533
1,B,908,-764,699
1,B,1102,-1611,679
1,B,1246,-1638,448
1,B,1471,-1305,313
1,B,1671,-1132,194
1,B,1642,-1120,400
1,B,1609,-1205,736
1,B,1588,-1604,1185
1,B,1708,-1580,1162
1,B,1838,-1507,1116
1,B,1766,-1419,1117
1,B,1596,-1343,1067
1,B,1426,-1217,946
1,B,1179,-844,523
1,B,1074,-644,331
1,B,993,-507,224
1,B,927,-455,191
1,B,859,-492,170
1,B,810,-589,137
1,B,808,-639,63
1,B,846,-560,69
1,B,858,-454,61
1,B,851,-276,39
1,B,827,-137,48
1,B,796,-113,120
1,B,689,-138,259
1,B,637,-106,240
1,B,613,-40,150
1,B,615,-28,78
1,B,634,-87,86
1,B,653,-129,114
1,B,590,-79,80
1,B,582,44,26
1,B,603,184,2
1,B,627,278,19
1,B,619,327,54
1,B,574,359,91
1,B,462,310,93
1,B,442,385,76
1,B,457,541,137
1,B,503,708,205
1,B,559,874,244
1,B,599,982,310
1,B,608,926,339
1,B,672,853,243
1,B,226,1043,247
1,B,590,793,132
1,B,628,798,-36
1,B,586,836,43
1,B,576,932,24
1,B,610,947,52
1,B,764,941,116
1,B,765,1058,170
1,B,812,1157,297
1,B,855,1173,344
1,B,908,1077,554
1,B,991,930,589
1,B,1022,807,682
1,B,1014,734,765
1,B,1027,664,756
1,B,1074,587,569
1,B,1081,518,490
1,B,1033,562,435
1,B,1050,630,453
1,B,1083,707,554
1,B,1155,694,710
1,B,1295,343,1004
1,B,1308,209,1049
1,B,1297,159,1045
1,B,1268,113,989
1,B,1230,26,891
1,B,1213,-23,798
1,B,1158,-27,687
1,B,1139,-169,714
1,B,1180,-330,773
1,B,1213,-393,802
1,B,1181,-342,815
1,B,1119,-341,829
1,B,1005,-624,764
1,B,950,-745,648
1,B,897,-832,517
1,B,879,-869,431
1,B,888,-810,407
1,B,916,-669,441
2,B,965,-6,306
2,B,977,12,310
2,B,991,27,310
2,B,1004,23,309
2,B,1019,17,297
2,B,1075,54,266
2,B,1120,86,277
2,B,1154,111,295
2,B,1173,117,309
2,B,1191,103,313
2,B,1216,77,318
2,B,1254,68,330
2,B,1269,90,339
2,B,1301,100,351
2,B,1334,96,360
2,B,1356,73,369
2,B,1385,-20,361
2,B,1384,-72,349
2,B,1367,-129,346
2,B,1333,-134,348
2,B,1297,-97,341
2,B,1270,-69,317
2,B,1281,-119,272
2,B,1272,-182,270
2,B,1271,-249,250
2,B,1272,-277,235
2,B,1273,-274,245
2,B,1247,-249,253
2,B,1175,-162,214
2,B,1174,-227,195
2,B,1165,-305,153
2,B,1170,-444,143
2,B,1130,-492,114
2,B,1117,-480,80
2,B,1075,-374,227
2,B,1057,-351,317
2,B,1045,-290,362
2,B,1012,-221,361
2,B,965,-156,320
2,B,982,-220,252
2,B,1153,-485,225
2,B,891,-320,320
2,B,847,-192,263
2,B,791,-201,158
2,B,797,-229,97
2,B,712,-282,-8
2,B,1118,-388,470
2,B,1196,-160,617
2,B,1020,153,510
2,B,984,150,323
2,B,1061,-181,138
2,B,1062,-480,64
2,B,852,-469,338
2,B,814,-360,386
2,B,774,-191,377
2,B,787,-28,254
2,B,825,83,103
2,B,832,30,32
2,B,847,-274,189
2,B,838,-393,271
2,B,823,-425,316
2,B,806,-429,309
2,B,790,-391,263
2,B,737,-310,121
2,B,701,-219,53
2,B,704,-233,53
2,B,692,-265,93
2,B,680,-328,165
2,B,678,-422,272
2,B,680,-417,329
2,B,680,-372,318
2,B,693,-329,300
2,B,666,-279,261
2,B,617,-267,239
2,B,565,-293,243
2,B,503,-253,197
2,B,485,-238,189
2,B,485,-305,193
2,B,491,-336,201
2,B,486,-227,204
2,B,477,-60,233
2,B,468,145,263
2,B,474,186,254
2,B,487,241,203
2,B,469,312,136
2,B,455,371,101
2,B,465,363,94
2,B,469,325,100
2,B,487,372,98
2,B,509,453,89
2,B,515,549,106
2,B,520,646,123
2,B,523,709,102
2,B,533,831,-49
2,B,569,933,-133
2,B,616,994,-159
2,B,662,971,-111
2,B,688,912,-45
2,B,709,947,-3
2,B,752,1248,-42
2,B,794,1417,-61
2,B,874,1418,-69
2,B,926,1359,-68
2,B,912,1303,-76
2,B,882,1314,-115
2,B,825,1307,-191
2,B,788,1287,-196
2,B,770,1238,-202
2,B,781,1172,-226
2,B,808,1130,-228
2,B,820,1114,-188
2,B,820,1050,-30
2,B,830,965,27
2,B,833,864,71
2,B,839,805,94
2,B,862,771,124
2,B,913,754,235
2,B,955,733,282
2,B,986,713,256
2,B,993,707,236
2,B,1050,635,187
2,B,1026,557,120
2,B,1172,271,121
2,B,1137,140,201
2,B,1159,-1,305
2,B,1230,-167,386
2,B,1254,-305,480
2,B,1227,-406,500
2,B,1087,-591,439
2,B,1072,-690,472
2,B,1150,-827,577
2,B,1296,-1014,776
2,B,1450,-1125,1050
2,B,1550,-1109,1246
2,B,1576,-923,1204
2,B,1576,-978,1060
2,B,1552,-1086,914
2,B,1480,-1172,792
2,B,1386,-1191,707
2,B,1287,-1144,635
2,B,1123,-1009,525
2,B,1015,-994,471
2,B,920,-1032,436
2,B,870,-1034,384
2,B,849,-984,317
2,B,829,-892,267
2,B,796,-595,295
2,B,783,-480,311
2,B,759,-380,298
2,B,729,-295,263
2,B,688,-272,211
2,B,658,-281,155
2,B,624,-108,39
2,B,603,46,16
2,B,597,177,15
2,B,598,250,43
2,B,619,298,81
2,B,622,256,92
2,B,668,213,68
2,B,651,256,76
2,B,640,316,112
2,B,655,381,123
2,B,674,395,116
2,B,700,398,128
2,B,702,512,127
2,B,699,514,137
2,B,708,441,156
2,B,730,362,157
2,B,734,330,152
2,B,725,401,150
2,B,707,644,168
2,B,736,702,202
2,B,759,704,230
2,B,765,710,239
2,B,753,709,214
2,B,729,692,136
2,B,675,697,87
2,B,691,622,47
2,B,706,542,59
2,B,723,538,103
2,B,730,598,143
2,B,749,751,203
2,B,815,780,216
2,B,806,787,236
2,B,892,741,250
2,B,918,695,275
2,B,989,680,342
2,B,958,667,446
2,B,935,660,465
2,B,925,678,501
2,B,905,773,588
2,B,944,756,654
2,B,1000,715,677
2,B,976,714,637
2,B,978,698,520
2,B,983,645,445
2,B,975,631,462
2,B,952,657,521
2,B,949,701,582
2,B,995,497,694
3,B,998,7,345
3,B,1020,37,342
3,B,1042,75,308
3,B,1070,79,290
3,B,1110,72,303
3,B,1150,54,342
3,B,1188,44,373
3,B,1267,-1,455
3,B,1298,-19,480
3,B,1323,-32,504
3,B,1338,-45,529
3,B,1363,-72,539
3,B,1395,-98,536
3,B,1399,-118,538
3,B,1387,-121,531
3,B,1375,-140,523
3,B,1360,-187,525
3,B,1333,-243,513
3,B,1301,-283,479
3,B,1268,-251,363
3,B,1254,-174,302
3,B,1240,-99,274
3,B,1247,-28,260
3,B,1236,-5,268
3,B,1230,-36,303
3,B,1234,-135,405
3,B,1219,-115,417
3,B,1192,-42,374
3,B,1157,37,307
3,B,1111,88,257
3,B,1066,86,194
3,B,989,125,30
3,B,942,174,-57
3,B,950,198,-110
3,B,995,161,-82
3,B,979,-16,50
3,B,921,-233,200
3,B,929,-351,296
3,B,907,-173,280
3,B,857,44,251
3,B,841,173,128
3,B,848,212,29
3,B,860,218,-7
3,B,869,-99,102
3,B,873,-403,169
3,B,889,-531,285
3,B,904,-450,381
3,B,906,-245,426
3,B,887,-99,439
3,B,824,-50,370
3,B,827,-172,304
3,B,845,-406,301
3,B,858,-515,368
3,B,856,-487,454
3,B,876,-392,545
3,B,912,-262,681
3,B,919,-244,735
3,B,904,-352,785
3,B,898,-519,809
3,B,887,-595,760
3,B,872,-608,667
3,B,805,-626,514
3,B,783,-621,462
3,B,744,-576,384
3,B,686,-525,319
3,B,632,-485,258
3,B,577,-472,186
3,B,570,-474,213
3,B,597,-451,291
3,B,658,-417,408
3,B,669,-399,463
3,B,639,-425,411
3,B,546,-404,223
3,B,493,-336,156
3,B,466,-267,105
3,B,449,-244,65
3,B,440,-231,61
3,B,415,-186,53
3,B,406,-37,71
3,B,420,18,69
3,B,447,69,69
3,B,448,167,72
3,B,421,273,74
3,B,397,393,42
3,B,369,570,-31
3,B,380,593,-56
3,B,409,539,-82
3,B,447,502,-88
3,B,468,562,-74
3,B,459,664,-60
3,B,449,866,-36
3,B,446,957,-56
3,B,460,1054,-82
3,B,475,1137,-99
3,B,493,1184,-107
3,B,513,1206,-121
3,B,596,1192,-130
3,B,620,1271,-141
3,B,625,1375,-178
3,B,636,1487,-228
3,B,667,1511,-273
3,B,712,1462,-298
3,B,746,1482,-290
3,B,753,1515,-294
3,B,763,1525,-307
3,B,768,1509,-298
3,B,761,1477,-285
3,B,746,1413,-283
3,B,766,1362,-265
3,B,786,1337,-265
3,B,807,1267,-246
3,B,832,1163,-184
3,B,869,1066,-103
3,B,910,1012,0
3,B,922,1004,110
3,B,907,877,114
3,B,887,714,104
3,B,881,567,98
3,B,903,475,78
3,B,954,377,61
3,B,1145,165,188
3,B,1172,163,233
3,B,1187,154,271
3,B,1199,116,298
3,B,1187,51,306
3,B,1085,-257,314
3,B,1078,-389,321
3,B,1072,-505,292
3,B,1058,-606,266
3,B,1070,-708,305
3,B,1171,-757,417
3,B,1291,-674,597
3,B,1337,-646,608
3,B,1376,-619,635
3,B,1376,-628,661
3,B,1347,-646,673
3,B,1325,-690,675
3,B,1226,-827,618
3,B,1147,-917,544
3,B,1093,-1005,472
3,B,1054,-1046,387
3,B,1024,-1059,306
3,B,987,-1019,219
3,B,924,-754,186
3,B,980,-642,148
3,B,924,-563,262
3,B,835,-499,301
3,B,771,-471,233
3,B,713,-473,146
3,B,655,-473,65
3,B,652,-462,114
3,B,655,-409,168
3,B,627,-312,166
3,B,593,-192,137
3,B,562,-82,94
3,B,503,23,23
3,B,520,93,-7
3,B,548,215,24
3,B,577,326,96
3,B,589,376,146
3,B,578,383,178
3,B,446,487,58
3,B,465,620,-39
3,B,560,764,-60
3,B,678,805,24
3,B,844,751,137
3,B,507,936,179
3,B,830,737,124
3,B,596,856,159
3,B,504,1082,38
3,B,606,1130,-169
3,B,690,1122,-179
3,B,733,1093,-76
3,B,669,1257,57
3,B,601,1305,68
3,B,561,1219,45
3,B,593,1044,14
3,B,676,909,-61
3,B,749,909,-4
3,B,884,938,239
3,B,916,874,340
3,B,939,774,457
3,B,946,714,497
3,B,889,694,493
3,B,847,735,447
3,B,877,677,468
3,B,920,563,521
3,B,961,496,577
3,B,1006,474,657
3,B,1046,430,742
3,B,1071,469,748
3,B,1025,592,590
3,B,965,717,410
3,B,924,789,301
3,B,935,801,353
3,B,952,650,545
3,B,1126,170,906
3,B,1262,125,1038
3,B,1300,105,1158
3,B,1287,63,1166
4,B,983,49,153
4,B,976,46,141
4,B,982,62,124
4,B,999,49,132
4,B,1022,47,140
4,B,1048,54,150
4,B,1086,62,167
4,B,1109,66,169
4,B,1167,76,134
4,B,1225,70,122
4,B,1278,59,132
4,B,1307,38,146
4,B,1343,25,144
4,B,1408,19,137
4,B,1521,-45,138
4,B,1569,-106,208
4,B,1597,-131,258
4,B,1593,-125,262
4,B,1564,-86,263
4,B,1538,-63,285
4,B,1489,-64,326
4,B,1435,-37,287
4,B,1390,-18,251
4,B,1347,-20,175
4,B,1319,-19,74
4,B,1312,-70,19
4,B,1304,-126,42
4,B,1295,-161,39
4,B,1311,-181,44
4,B,1345,-178,92
4,B,1351,-119,148
4,B,1393,-4,213
4,B,1338,22,262
4,B,1273,-4,252
4,B,1192,-41,300
4,B,1137,-46,338
4,B,1086,27,352
4,B,1006,162,228
4,B,955,207,186
4,B,913,245,168
4,B,921,234,151
4,B,935,156,113
4,B,939,80,75
4,B,841,265,-148
4,B,776,407,-237
4,B,716,473,-242
4,B,725,449,-242
4,B,744,423,-261
4,B,740,373,-261
4,B,776,176,-47
4,B,800,-1,137
4,B,774,-117,181
4,B,738,-152,94
4,B,705,-128,-19
4,B,681,-109,-74
4,B,647,-165,11
4,B,653,-225,66
4,B,637,-369,150
4,B,641,-533,247
4,B,695,-648,367
4,B,751,-714,509
4,B,714,-744,612
4,B,709,-820,570
4,B,677,-866,541
4,B,683,-908,549
4,B,691,-933,530
4,B,659,-926,523
4,B,561,-830,476
4,B,539,-741,405
4,B,511,-569,309
4,B,503,-417,234
4,B,510,-332,203
4,B,521,-297,191
4,B,528,-246,201
4,B,519,-107,214
4,B,495,19,223
4,B,477,40,214
4,B,462,70,159
4,B,457,154,57
4,B,459,258,-70
4,B,459,316,-82
4,B,438,444,-99
4,B,424,564,-114
4,B,419,654,-127
4,B,429,814,-121
4,B,414,980,-100
4,B,425,897,-105
4,B,415,824,-132
4,B,428,783,-158
4,B,486,760,-162
4,B,587,935,-84
4,B,613,1102,-64
4,B,628,1240,-106
4,B,663,1341,-163
4,B,709,1396,-218
4,B,739,1446,-278
4,B,830,1565,-404
4,B,871,1581,-422
4,B,877,1575,-431
4,B,869,1552,-439
4,B,870,1523,-454
4,B,888,1485,-464
4,B,893,1416,-426
4,B,894,1310,-409
4,B,914,1157,-389
4,B,929,1051,-379
4,B,906,1028,-408
4,B,889,987,-421
4,B,939,807,-416
4,B,979,689,-367
4,B,993,616,-299
4,B,973,571,-211
4,B,952,476,-143
4,B,951,328,-146
4,B,976,119,-113
4,B,1002,44,-124
4,B,1024,-83,-84
4,B,1037,-229,-24
4,B,1087,-362,91
4,B,1146,-452,232
4,B,1192,-616,575
4,B,1188,-702,628
4,B,1209,-786,630
4,B,1254,-833,641
4,B,1316,-840,694
4,B,1367,-809,769
4,B,1528,-776,928
4,B,1598,-729,1072
4,B,1636,-679,1213
4,B,1625,-697,1276
4,B,1575,-727,1226
4,B,1470,-796,1096
4,B,1211,-864,736
4,B,1115,-862,560
4,B,1032,-873,392
4,B,963,-846,268
4,B,935,-790,210
4,B,935,-720,196
4,B,915,-504,266
4,B,867,-370,272
4,B,804,-284,250
4,B,728,-208,206
4,B,654,-144,136
4,B,577,-144,59
4,B,505,-221,-70
4,B,504,-218,-84
4,B,509,-161,-28
4,B,508,-95,36
4,B,484,-39,72
4,B,457,31,80
4,B,501,292,37
4,B,565,477,27
4,B,628,661,83
4,B,663,785,168
4,B,660,797,233
4,B,600,582,171
4,B,554,533,58
4,B,546,653,-77
4,B,588,807,-124
4,B,648,899,-108
4,B,699,987,-37
4,B,636,1179,-144
4,B,605,1214,-206
4,B,586,1210,-257
4,B,610,1146,-284
4,B,568,1155,-313
4,B,738,1022,-147
4,B,829,1201,-137
4,B,744,1169,122
4,B,706,1019,206
4,B,763,948,74
4,B,823,970,-47
4,B,877,949,8
4,B,1034,725,245
4,B,1067,598,407
4,B,1073,654,417
4,B,1144,690,302
4,B,1177,765,287
4,B,1095,861,350
4,B,1044,776,333
4,B,1114,605,351
4,B,1162,385,435
4,B,1190,187,527
4,B,1222,87,592
4,B,1238,95,604
4,B,1240,38,594
4,B,1231,-80,631
4,B,1204,-218,656
4,B,1163,-264,626
4,B,1133,-217,610
4,B,1123,-235,604
4,B,1163,-371,678
4,B,1169,-396,677
4,B,1147,-395,626
4,B,1161,-451,582
4,B,1192,-550,582
4,B,1181,-594,583
4,B,1209,-465,425
4,B,1190,-372,324
4,B,1153,-274,254
5,B,1040,27,210
5,B,1072,41,210
5,B,1103,87,195
5,B,1137,122,199
5,B,1184,154,207
5,B,1230,160,235
5,B,1274,123,264
5,B,1301,46,263
5,B,1356,-58,224
5,B,1369,-12,207
5,B,1373,67,206
5,B,1382,123,165
5,B,1395,156,132
5,B,1415,131,98
5,B,1465,-3,38
5,B,1511,-80,49
5,B,1540,-185,138
5,B,1550,-266,196
5,B,1559,-291,182
5,B,1570,-281,121
5,B,1596,-277,83
5,B,1570,-251,81
5,B,1570,-221,80
5,B,1558,-177,93
5,B,1529,-108,133
5,B,1480,-63,124
5,B,1388,-104,112
5,B,1392,-172,143
5,B,1408,-185,207
5,B,1428,-188,160
5,B,1365,-93,-1
5,B,1021,245,-198
5,B,898,300,-318
5,B,821,283,-358
5,B,767,235,-338
5,B,720,153,-230
5,B,703,10,-70
5,B,877,-311,453
5,B,889,-227,582
5,B,860,-91,435
5,B,862,-42,253
5,B,833,-124,157
5,B,770,-191,78
5,B,646,-285,87
5,B,596,-438,189
5,B,618,-544,336
5,B,653,-604,465
5,B,715,-724,611
5,B,776,-838,819
5,B,644,-938,913
5,B,580,-960,809
5,B,554,-1014,691
5,B,523,-918,540
5,B,469,-854,440
5,B,425,-844,357
5,B,317,-824,195
5,B,286,-736,146
5,B,296,-636,120
5,B,343,-529,167
5,B,388,-434,233
5,B,407,-344,276
5,B,414,-256,281
5,B,432,-177,293
5,B,433,-80,299
5,B,415,36,274
5,B,388,163,224
5,B,361,277,156
5,B,386,443,73
5,B,397,469,80
5,B,397,476,84
5,B,386,492,58
5,B,379,565,7
5,B,375,661,-107
5,B,421,888,-135
5,B,462,992,-165
5,B,488,1045,-188
5,B,514,1027,-209
5,B,562,1025,-223
5,B,639,1246,-201
5,B,666,1398,-219
5,B,715,1538,-312
5,B,815,1485,-333
5,B,843,1402,-323
5,B,806,1372,-323
5,B,798,1366,-446
5,B,834,1275,-486
5,B,844,1228,-502
5,B,829,1250,-515
5,B,824,1255,-530
5,B,814,1202,-516
5,B,832,978,-453
5,B,847,852,-344
5,B,875,795,-276
5,B,876,774,-250
5,B,864,751,-239
5,B,859,732,-238
5,B,832,650,-294
5,B,846,546,-326
5,B,872,422,-321
5,B,902,331,-266
5,B,931,265,-185
5,B,916,205,-82
5,B,880,40,178
5,B,983,-171,297
5,B,1162,-343,336
5,B,1273,-367,283
5,B,1263,-258,183
5,B,1213,-91,72
5,B,1155,-111,-62
5,B,1141,-178,48
5,B,1130,-286,213
5,B,1155,-477,341
5,B,1211,-593,360
5,B,1274,-615,426
5,B,1371,-476,566
5,B,1363,-449,574
5,B,1316,-495,550
5,B,1257,-583,490
5,B,1264,-671,452
5,B,1289,-747,460
5,B,1350,-796,621
5,B,1361,-818,722
5,B,1356,-837,766
5,B,1323,-855,708
5,B,1281,-867,591
5,B,1215,-827,465
5,B,1055,-704,237
5,B,1018,-643,192
5,B,1001,-592,223
5,B,1003,-522,295
5,B,987,-451,354
5,B,898,-405,339
5,B,870,-343,273
5,B,860,-287,192
5,B,858,-250,148
5,B,833,-240,136
5,B,786,-223,122
5,B,685,-199,72
5,B,685,-184,59
5,B,694,-135,44
5,B,708,-72,65
5,B,732,31,132
5,B,740,143,177
5,B,673,366,150
5,B,645,377,75
5,B,646,287,-18
5,B,652,187,-89
5,B,657,147,-112
5,B,641,151,-86
5,B,613,246,1
5,B,598,412,9
5,B,558,637,-30
5,B,539,787,-66
5,B,537,858,-83
5,B,551,869,-121
5,B,586,881,-213
5,B,551,968,-231
5,B,559,995,-243
5,B,539,967,-260
5,B,554,985,-257
5,B,572,1037,-313
5,B,665,1019,-245
5,B,685,1080,-189
5,B,695,1180,-129
5,B,677,1263,-112
5,B,673,1273,-145
5,B,676,1229,-221
5,B,751,1131,-216
5,B,836,1080,-108
5,B,930,1017,48
5,B,1009,964,191
5,B,1046,861,264
5,B,1049,721,281
5,B,1056,486,213
5,B,1066,440,217
5,B,1077,438,240
5,B,1106,481,291
5,B,1174,474,381
5,B,1233,357,442
5,B,1237,250,414
5,B,1214,326,358
5,B,1154,450,264
5,B,1177,426,156
5,B,1133,419,128
5,B,1105,346,205
5,B,1054,-45,343
5,B,1046,-204,365
5,B,1063,-310,403
5,B,1081,-345,396
5,B,1089,-372,398
5,B,1093,-355,409
5,B,1107,-214,380
5,B,1128,-143,410
5,B,1136,-139,456
5,B,1138,-244,492
5,B,1126,-364,481
5,B,1098,-451,370
5,B,1090,-422,325
5,B,1119,-319,305
5,B,1140,-179,295
6,B,1101,81,178
6,B,1138,79,165
6,B,1217,115,154
6,B,1264,139,153
6,B,1322,175,183
6,B,1375,189,208
6,B,1431,167,247
6,B,1525,75,198
6,B,1525,60,198
6,B,1512,65,186
6,B,1515,79,172
6,B,1507,66,160
6,B,1469,32,124
6,B,1438,-19,46
6,B,1453,-61,46
6,B,1473,-99,87
6,B,1486,-128,134
6,B,1480,-148,145
6,B,1459,-140,128
6,B,1346,-100,43
6,B,1310,-106,6
6,B,1274,-128,-20
6,B,1235,-123,-58
6,B,1214,-85,-105
6,B,1212,-85,-175
6,B,1222,-125,151
6,B,1259,-121,371
6,B,1257,-90,510
6,B,1207,-40,515
6,B,1150,50,387
6,B,1204,113,155
6,B,1027,210,-154
6,B,901,150,-157
6,B,817,24,-112
6,B,824,-44,-69
6,B,838,-58,26
6,B,814,-67,115
6,B,786,117,124
6,B,800,237,30
6,B,779,310,-81
6,B,786,306,-137
6,B,771,289,-147
6,B,709,265,-173
6,B,651,232,-302
6,B,680,213,-314
6,B,734,205,-193
6,B,762,271,-66
6,B,746,286,-6
6,B,748,82,27
6,B,743,-118,30
6,B,729,-28,-49
6,B,764,15,-56
6,B,766,-12,-40
6,B,726,-56,40
6,B,720,-180,201
6,B,862,-461,528
6,B,931,-512,625
6,B,951,-485,671
6,B,949,-467,666
6,B,926,-468,616
6,B,852,-503,476
6,B,730,-568,244
6,B,673,-511,180
6,B,644,-424,158
6,B,641,-313,153
6,B,632,-211,138
6,B,639,-151,162
6,B,648,-175,222
6,B,649,-233,267
6,B,636,-238,249
6,B,615,-157,189
6,B,575,-24,118
6,B,473,123,-58
6,B,434,130,-115
6,B,413,177,-127
6,B,407,242,-129
6,B,413,262,-117
6,B,434,318,-88
6,B,451,578,-61
6,B,454,727,-7
6,B,472,850,35
6,B,494,901,19
6,B,535,846,-45
6,B,560,791,-112
6,B,571,895,-151
6,B,579,1020,-165
6,B,593,1138,-208
6,B,660,1169,-236
6,B,687,1173,-248
6,B,703,1186,-259
6,B,786,1207,-336
6,B,785,1235,-360
6,B,783,1280,-381
6,B,793,1317,-413
6,B,808,1303,-454
6,B,823,1270,-475
6,B,851,1206,-465
6,B,866,1134,-435
6,B,882,1039,-417
6,B,877,973,-401
6,B,863,915,-398
6,B,856,872,-396
6,B,858,761,-355
6,B,865,743,-328
6,B,867,718,-270
6,B,923,668,-196
6,B,997,604,-149
6,B,1063,556,-105
6,B,1168,406,-22
6,B,1217,310,0
6,B,1246,250,-4
6,B,1247,224,-24
6,B,1219,202,-27
6,B,1173,138,-3
6,B,1088,-135,72
6,B,1086,-206,94
6,B,1110,-241,123
6,B,1117,-352,193
6,B,1128,-469,304
6,B,1155,-535,501
6,B,1250,-623,525
6,B,1278,-674,598
6,B,1316,-732,682
6,B,1359,-815,745
6,B,1399,-883,787
6,B,1375,-899,772
6,B,1337,-908,710
6,B,1275,-914,607
6,B,1193,-891,489
6,B,1097,-856,370
6,B,1007,-839,269
6,B,927,-783,161
6,B,931,-730,186
6,B,850,-647,256
6,B,815,-555,233
6,B,835,-500,154
6,B,810,-458,143
6,B,776,-267,205
6,B,780,-190,145
6,B,789,-140,123
6,B,762,-85,132
6,B,709,3,127
6,B,654,82,113
6,B,655,178,77
6,B,687,230,60
6,B,714,256,84
6,B,743,267,146
6,B,751,306,161
6,B,738,368,124
6,B,745,513,30
6,B,744,547,40
6,B,742,584,81
6,B,726,609,87
6,B,720,576,79
6,B,715,534,77
6,B,678,497,83
6,B,737,537,57
6,B,789,576,43
6,B,717,637,43
6,B,697,629,24
6,B,716,614,-64
6,B,669,668,-112
6,B,647,675,-61
6,B,673,700,1
6,B,703,751,37
6,B,750,701,90
6,B,768,729,21
6,B,705,723,20
6,B,680,744,-72
6,B,691,733,-144
6,B,723,725,-104
6,B,735,776,-34
6,B,771,826,76
6,B,927,814,294
6,B,998,795,376
6,B,1041,778,447
6,B,1052,805,489
6,B,1096,800,420
6,B,1052,816,320
6,B,958,815,238
6,B,971,751,170
6,B,964,736,223
6,B,959,738,315
6,B,986,723,395
6,B,1061,545,578
6,B,1117,416,641
6,B,1152,282,684
6,B,1153,244,670
6,B,1148,259,616
6,B,1137,265,528
6,B,1080,285,404
6,B,1063,232,393
6,B,1059,89,423
6,B,1057,-39,465
6,B,1051,-50,503
6,B,1060,-60,542
6,B,1067,-104,570
6,B,1064,-180,604
6,B,1055,-331,613
6,B,1026,-468,582
7,B,1281,208,134
7,B,1318,228,163
7,B,1347,253,226
7,B,1377,260,266
7,B,1399,253,292
7,B,1423,240,308
7,B,1461,127,309
7,B,1469,96,341
7,B,1436,79,316
7,B,1369,83,275
7,B,1325,79,200
7,B,1315,74,106
7,B,1256,49,183
7,B,1264,-7,249
7,B,1335,-30,310
7,B,1397,-75,353
7,B,1402,-112,376
7,B,1370,-100,338
7,B,1280,-38,176
7,B,1262,-19,126
7,B,1177,-7,117
7,B,1098,-33,104
7,B,1061,-39,73
7,B,1022,-70,4
7,B,1028,-104,-132
7,B,1199,-100,-4
7,B,1334,-74,318
7,B,1313,-18,572
7,B,1229,15,622
7,B,1189,19,556
7,B,1126,66,439
7,B,1068,104,369
7,B,1033,110,246
7,B,987,58,190
7,B,919,-29,186
7,B,871,-65,149
7,B,887,-102,-11
7,B,920,-124,-31
7,B,900,-68,35
7,B,865,-65,140
7,B,841,-113,190
7,B,834,-87,170
7,B,797,49,114
7,B,783,107,72
7,B,752,121,19
7,B,730,38,17
7,B,721,-61,44
7,B,735,-279,158
7,B,811,-469,262
7,B,834,-554,350
7,B,811,-489,383
7,B,789,-411,356
7,B,748,-368,362
7,B,721,-426,365
7,B,727,-537,377
7,B,742,-649,410
7,B,757,-721,434
7,B,780,-734,407
7,B,774,-693,424
7,B,724,-521,351
7,B,676,-396,325
7,B,659,-318,329
7,B,662,-268,341
7,B,668,-251,326
7,B,634,-235,316
7,B,541,-222,310
7,B,505,-219,263
7,B,460,-195,215
7,B,420,-127,177
7,B,378,-43,126
7,B,355,33,87
7,B,341,153,39
7,B,343,150,39
7,B,340,182,32
7,B,340,249,33
7,B,337,362,19
7,B,343,515,7
7,B,358,887,-44
7,B,377,1064,-110
7,B,367,1238,-128
7,B,368,1379,-134
7,B,412,1440,-160
7,B,475,1379,-223
7,B,619,1432,-303
7,B,675,1529,-270
7,B,679,1631,-216
7,B,650,1681,-203
7,B,627,1690,-213
7,B,622,1649,-273
7,B,671,1472,-471
7,B,706,1376,-508
7,B,742,1341,-496
7,B,769,1315,-436
7,B,796,1266,-387
7,B,838,1219,-349
7,B,894,1094,-225
7,B,958,965,-162
7,B,1033,845,-84
7,B,1112,705,-12
7,B,1191,545,37
7,B,1240,373,25
7,B,1180,66,18
7,B,1098,-39,54
7,B,1042,-229,121
7,B,1014,-475,165
7,B,987,-690,163
7,B,1107,-759,151
7,B,1265,-696,250
7,B,1358,-756,380
7,B,1420,-586,452
7,B,1497,-502,453
7,B,1549,-663,441
7,B,1433,-898,662
7,B,1467,-1003,785
7,B,1561,-1093,875
7,B,1613,-1156,916
7,B,1601,-1155,925
7,B,1537,-1109,833
7,B,1302,-909,423
7,B,1195,-779,299
7,B,1086,-700,213
7,B,996,-680,166
7,B,948,-662,144
7,B,920,-618,131
7,B,879,-614,147
7,B,853,-621,229
7,B,845,-593,277
7,B,831,-504,250
7,B,820,-369,209
7,B,826,-211,175
7,B,803,27,105
7,B,770,51,95
7,B,723,7,104
7,B,689,-38,104
7,B,668,-85,111
7,B,673,-78,127
7,B,704,1,215
7,B,696,47,260
7,B,684,129,248
7,B,666,218,214
7,B,644,286,178
7,B,613,369,123
7,B,593,515,65
7,B,593,594,73
7,B,607,651,92
7,B,644,636,132
7,B,684,604,155
7,B,666,626,164
7,B,633,811,91
7,B,623,829,-15
7,B,598,848,-90
7,B,553,936,-136
7,B,500,1004,-175
7,B,508,1010,-177
7,B,606,986,-82
7,B,643,1042,1
7,B,635,1079,68
7,B,656,1025,86
7,B,654,990,38
7,B,631,992,5
7,B,657,994,-32
7,B,730,1001,22
7,B,830,942,141
7,B,911,883,260
7,B,1021,798,312
7,B,1066,801,466
7,B,1190,890,489
7,B,1182,951,483
7,B,1090,976,453
7,B,1017,916,433
7,B,1009,802,399
7,B,1150,610,402
7,B,1236,455,525
7,B,1301,305,699
7,B,1341,209,805
7,B,1329,166,806
7,B,1265,156,738
7,B,1142,328,537
7,B,1095,250,513
7,B,1058,106,495
7,B,1050,-24,437
7,B,1101,-185,460
7,B,1163,-335,529
7,B,1236,-137,598
7,B,1233,-41,587
7,B,1196,-84,543
7,B,1159,-273,494
7,B,1116,-488,360
7,B,1065,-608,232
7,B,1000,-639,136
7,B,1021,-489,188
7,B,1029,-313,261
7,B,1051,-190,348
7,B,1081,-151,439
7,B,1096,-242,447
7,B,1060,-402,343
7,B,1039,-406,287
7,B,1041,-371,265
7,B,1037,-298,255
7,B,1035,-228,259
8,B,1084,94,193
8,B,1127,82,191
8,B,1162,39,209
8,B,1210,-67,217
8,B,1234,-110,206
8,B,1268,-127,223
8,B,1298,-126,226
8,B,1337,-109,245
8,B,1370,-143,225
8,B,1378,-162,242
8,B,1383,-131,234
8,B,1424,-60,214
8,B,1460,-12,215
8,B,1462,24,220
8,B,1455,64,215
8,B,1498,20,201
8,B,1489,-28,219
8,B,1460,-37,188
8,B,1440,-5,122
8,B,1426,-11,87
8,B,1401,-41,94
8,B,1294,-50,53
8,B,1262,-45,19
8,B,1275,-62,53
8,B,1309,-68,158
8,B,1297,-46,211
8,B,1235,-43,149
8,B,1090,-10,-23
8,B,1006,44,-122
8,B,951,72,-266
8,B,960,81,-355
8,B,990,125,-313
8,B,1016,202,-162
8,B,1264,72,201
8,B,1317,-90,350
8,B,1274,-101,472
8,B,1140,-32,502
8,B,990,13,496
8,B,922,10,325
8,B,821,30,-73
8,B,784,20,-134
8,B,737,-40,-225
8,B,715,-173,-226
8,B,746,-364,-171
8,B,834,-441,-31
8,B,1022,-287,339
8,B,987,-216,403
8,B,899,-208,419
8,B,849,-186,306
8,B,818,-233,156
8,B,804,-312,74
8,B,809,-296,115
8,B,824,-329,234
8,B,833,-391,355
8,B,847,-505,461
8,B,871,-629,544
8,B,847,-734,588
8,B,744,-682,566
8,B,640,-602,499
8,B,565,-439,376
8,B,510,-261,267
8,B,478,-146,198
8,B,505,-64,165
8,B,514,-73,157
8,B,495,-92,163
8,B,470,-85,211
8,B,467,-34,250
8,B,459,39,282
8,B,385,225,261
8,B,343,273,168
8,B,298,286,54
8,B,272,297,-29
8,B,270,290,-100
8,B,295,287,-148
8,B,354,546,-53
8,B,383,725,17
8,B,396,843,86
8,B,395,882,96
8,B,394,930,57
8,B,433,967,-30
8,B,593,941,-116
8,B,687,934,-100
8,B,753,1035,-89
8,B,759,1198,-92
8,B,745,1317,-125
8,B,754,1353,-160
8,B,830,1180,-256
8,B,852,1151,-265
8,B,852,1192,-304
8,B,838,1264,-354
8,B,860,1289,-396
8,B,890,1272,-423
8,B,961,1180,-382
8,B,994,1118,-292
8,B,993,1043,-218
8,B,986,951,-207
8,B,961,891,-235
8,B,944,811,-228
8,B,975,673,-206
8,B,992,622,-130
8,B,1029,579,-73
8,B,1068,553,-36
8,B,1073,503,-10
8,B,1060,449,2
8,B,1044,431,4
8,B,1113,399,-17
8,B,1148,388,-65
8,B,1151,275,-54
8,B,1177,13,-25
8,B,1186,-251,41
8,B,1173,-581,292
8,B,1168,-598,393
8,B,1179,-590,406
8,B,1212,-671,412
8,B,1280,-812,434
8,B,1362,-917,516
8,B,1483,-963,776
8,B,1511,-962,887
8,B,1525,-933,951
8,B,1525,-896,943
8,B,1488,-933,840
8,B,1391,-986,569
8,B,1124,-954,449
8,B,1043,-941,318
8,B,982,-891,228
8,B,936,-831,204
8,B,914,-813,221
8,B,895,-688,307
8,B,876,-611,341
8,B,862,-556,355
8,B,827,-480,326
8,B,811,-370,274
8,B,804,-226,230
8,B,734,70,124
8,B,677,214,81
8,B,623,281,41
8,B,594,234,26
8,B,580,199,-3
8,B,563,227,-53
8,B,664,292,-35
8,B,713,336,10
8,B,731,410,85
8,B,737,474,92
8,B,736,530,86
8,B,725,591,55
8,B,695,715,-61
8,B,679,725,-91
8,B,658,677,-80
8,B,641,575,-86
8,B,637,470,-91
8,B,647,439,-110
8,B,688,614,-65
8,B,721,673,21
8,B,735,690,65
8,B,730,663,40
8,B,696,636,-38
8,B,660,587,-114
8,B,589,516,-140
8,B,576,553,-159
8,B,676,599,-79
8,B,773,671,34
8,B,928,598,192
8,B,1052,562,414
8,B,1113,839,400
8,B,1030,935,398
8,B,938,1082,265
8,B,931,1106,131
8,B,969,1018,118
8,B,967,890,165
8,B,1008,679,360
8,B,1062,650,487
8,B,1113,696,567
8,B,1128,726,587
8,B,1127,696,582
8,B,1115,549,537
8,B,1138,213,465
8,B,1146,121,431
8,B,1096,185,414
8,B,1058,310,453
8,B,1013,373,466
8,B,947,387,440
8,B,974,126,478
8,B,1071,-162,554
8,B,1144,-286,592
8,B,1177,-267,685
8,B,1192,-222,758
8,B,1241,-223,739
8,B,1223,-239,681
8,B,1173,-236,633
8,B,1145,-270,590
8,B,1150,-293,484
8,B,1161,-259,438
8,B,1153,-217,422
8,B,1143,-287,443
8,B,1142,-311,474
8,B,1132,-274,477
8,B,1136,-232,460
8,B,1148,-223,444
8,B,1142,-169,450
8,B,1134,-162,459
9,B,1177,51,268
9,B,1208,43,271
9,B,1237,47,288
9,B,1256,95,282
9,B,1278,133,272
9,B,1379,169,293
9,B,1421,149,326
9,B,1427,79,353
9,B,1427,-10,330
9,B,1441,-67,289
9,B,1448,-79,271
9,B,1428,-104,252
9,B,1416,-127,216
9,B,1408,-153,187
9,B,1394,-166,170
9,B,1382,-176,177
9,B,1382,-180,190
9,B,1388,-177,178
9,B,1383,-184,170
9,B,1362,-193,156
9,B,1330,-170,143
9,B,1287,-151,125
9,B,1244,-138,108
9,B,1172,-124,55
9,B,1162,-135,65
9,B,1159,-170,91
9,B,1108,-172,98
9,B,1083,-203,75
9,B,1048,-229,34
9,B,961,-185,55
9,B,970,-113,63
9,B,1000,-38,44
9,B,1004,55,9
9,B,1053,116,-30
9,B,1074,100,-106
9,B,1047,3,-305
9,B,989,-65,-232
9,B,956,-126,-180
9,B,915,-107,-63
9,B,886,-85,31
9,B,868,-18,212
9,B,825,119,221
9,B,782,97,172
9,B,798,6,108
9,B,831,7,28
9,B,819,65,-88
9,B,808,51,-151
9,B,839,6,-87
9,B,849,-8,-75
9,B,855,-52,-103
9,B,804,-105,-87
9,B,766,-133,-27
9,B,789,-141,112
9,B,756,-123,147
9,B,732,-89,137
9,B,785,-44,125
9,B,809,3,120
9,B,805,12,130
9,B,811,-237,231
9,B,820,-392,250
9,B,825,-437,249
9,B,819,-433,256
9,B,814,-409,268
9,B,820,-382,292
9,B,778,-392,319
9,B,739,-451,338
9,B,759,-479,303
9,B,737,-502,275
9,B,729,-478,303
9,B,735,-388,337
9,B,725,-141,369
9,B,700,-52,324
9,B,663,5,258
9,B,620,20,198
9,B,583,41,143
9,B,557,60,85
9,B,558,21,39
9,B,555,40,45
9,B,579,78,93
9,B,600,153,143
9,B,598,249,149
9,B,585,348,119
9,B,551,547,-11
9,B,541,618,-61
9,B,527,691,-88
9,B,495,736,-109
9,B,474,762,-121
9,B,487,801,-133
9,B,556,882,-108
9,B,593,913,-88
9,B,637,940,-95
9,B,661,914,-109
9,B,669,835,-108
9,B,685,816,-103
9,B,655,885,-146
9,B,634,974,-204
9,B,641,1049,-230
9,B,660,1112,-235
9,B,705,1117,-274
9,B,762,1117,-340
9,B,818,1049,-365
9,B,817,1052,-332
9,B,803,1035,-301
9,B,802,1000,-286
9,B,829,962,-294
9,B,884,959,-395
9,B,905,917,-401
9,B,910,857,-405
9,B,908,825,-409
9,B,897,804,-350
9,B,913,734,-241
9,B,1051,410,49
9,B,1138,273,136
9,B,1206,211,137
9,B,1230,220,99
9,B,1223,288,6
9,B,1240,271,-61
9,B,1227,77,-111
9,B,1203,4,-46
9,B,1227,-60,59
9,B,1277,-186,186
9,B,1347,-333,368
9,B,1365,-440,492
9,B,1355,-495,520
9,B,1377,-569,554
9,B,1377,-653,544
9,B,1358,-639,477
9,B,1365,-604,428
9,B,1354,-596,461
9,B,1290,-650,531
9,B,1301,-713,495
9,B,1288,-744,442
9,B,1244,-777,380
9,B,1199,-790,327
9,B,1144,-786,257
9,B,1014,-783,74
9,B,976,-804,14
9,B,956,-766,9
9,B,943,-670,54
9,B,947,-600,112
9,B,952,-552,172
9,B,944,-514,240
9,B,944,-488,217
9,B,900,-427,152
9,B,862,-340,113
9,B,826,-230,81
9,B,774,-163,37
9,B,705,-91,-2
9,B,691,-11,-27
9,B,685,73,-42
9,B,700,159,-9
9,B,743,225,69
9,B,764,269,138
9,B,668,370,146
9,B,602,320,55
9,B,573,298,-71
9,B,577,406,-153
9,B,615,547,-157
9,B,669,669,-90
9,B,669,691,60
9,B,623,697,10
9,B,564,755,-91
9,B,517,772,-168
9,B,510,810,-208
9,B,527,819,-236
9,B,537,791,-96
9,B,689,725,-27
9,B,727,857,-94
9,B,649,942,40
9,B,559,968,134
9,B,575,974,-20
9,B,691,1001,-211
9,B,701,1017,-193
9,B,700,955,-77
9,B,774,839,51
9,B,766,915,188
9,B,943,738,309
9,B,967,750,381
9,B,1013,734,229
9,B,1004,778,74
9,B,900,898,12
9,B,903,870,-89
9,B,888,768,-10
9,B,926,680,125
9,B,1004,597,245
9,B,1087,574,330
9,B,1124,550,384
9,B,1110,556,422
9,B,1025,617,414
9,B,999,617,292
9,B,995,531,192
9,B,1009,409,100
9,B,1046,396,88
9,B,1110,379,184
9,B,1288,82,579
9,B,1316,-97,672
9,B,1270,-181,648
9,B,1172,-179,559
9,B,1071,-174,453
9,B,980,-157,327
10,B,1007,82,115
10,B,1023,96,147
10,B,1021,110,152
10,B,1020,110,138
10,B,1033,136,120
10,B,1095,149,79
10,B,1145,99,40
10,B,1224,34,32
10,B,1310,-40,65
10,B,1358,-51,153
10,B,1387,-21,240
10,B,1435,-7,197
10,B,1463,2,139
10,B,1495,22,121
10,B,1516,35,128
10,B,1513,-3,117
10,B,1464,-35,82
10,B,1360,-35,-31
10,B,1348,14,-67
10,B,1331,51,-63
10,B,1337,33,-20
10,B,1393,12,57
10,B,1447,-2,421
10,B,1457,-21,526
10,B,1434,13,567
10,B,1395,25,484
10,B,1338,2,318
10,B,1256,6,176
10,B,1151,95,-81
10,B,1125,145,-88
10,B,1140,124,-37
10,B,1185,47,64
10,B,1194,-31,145
10,B,1198,-105,211
10,B,1165,-215,167
10,B,1095,-230,32
10,B,1027,-169,-126
10,B,1080,-100,-201
10,B,1104,26,-188
10,B,1051,136,-106
10,B,1094,81,-41
10,B,1157,-25,60
10,B,1200,-182,257
10,B,1151,-261,405
10,B,1055,-237,438
10,B,970,-133,372
10,B,884,112,207
10,B,845,227,147
10,B,816,266,64
10,B,803,272,-68
10,B,802,185,-159
10,B,807,33,-140
10,B,813,0,-112
10,B,817,48,-84
10,B,822,136,13
10,B,800,254,29
10,B,738,300,28
10,B,692,167,15
10,B,640,-87,-81
10,B,621,-85,-111
10,B,610,-56,-75
10,B,606,25,-35
10,B,596,90,-10
10,B,605,106,62
10,B,692,-85,254
10,B,664,-243,303
10,B,674,-354,278
10,B,684,-418,219
10,B,680,-514,242
10,B,691,-588,338
10,B,658,-660,446
10,B,613,-672,408
10,B,599,-827,329
10,B,575,-819,264
10,B,541,-829,295
10,B,559,-821,261
10,B,531,-730,248
10,B,527,-652,253
10,B,507,-491,215
10,B,480,-294,157
10,B,451,-153,72
10,B,379,-120,-88
10,B,351,-135,-135
10,B,317,-123,-157
10,B,289,-40,-144
10,B,306,194,-127
10,B,348,505,-92
10,B,448,889,73
10,B,496,934,56
10,B,504,839,-26
10,B,510,716,-118
10,B,518,760,-216
10,B,547,918,-293
10,B,648,1083,-292
10,B,697,1195,-232
10,B,746,1285,-208
10,B,791,1321,-157
10,B,825,1354,-87
10,B,846,1392,-48
10,B,845,1566,-185
10,B,874,1641,-312
10,B,916,1558,-375
10,B,970,1425,-384
10,B,985,1329,-358
10,B,964,1287,-313
10,B,961,1222,-257
10,B,995,1085,-219
10,B,1035,954,-175
10,B,1044,872,-147
10,B,1036,805,-123
10,B,1015,737,-99
10,B,1079,673,-10
10,B,1120,667,26
10,B,1161,653,71
10,B,1194,600,120
10,B,1199,487,137
10,B,1199,316,113
10,B,1282,59,-10
10,B,1199,89,-31
10,B,1103,-49,-5
10,B,1186,-403,78
10,B,1290,-735,241
10,B,1350,-816,509
10,B,1400,-542,623
10,B,1409,-375,452
10,B,1390,-396,364
10,B,1343,-637,395
10,B,1280,-846,442
10,B,1318,-1006,464
10,B,1354,-1010,541
10,B,1390,-962,632
10,B,1409,-897,665
10,B,1376,-909,635
10,B,1291,-943,524
10,B,1080,-888,217
10,B,1003,-861,131
10,B,935,-800,109
10,B,882,-758,71
10,B,854,-749,79
10,B,842,-751,134
10,B,820,-762,183
10,B,804,-689,206
10,B,773,-583,232
10,B,757,-462,249
10,B,723,-289,246
10,B,670,-127,217
10,B,595,-16,105
10,B,586,44,55
10,B,576,64,32
10,B,583,98,42
10,B,599,202,85
10,B,618,289,139
10,B,616,487,154
10,B,604,505,137
10,B,563,498,63
10,B,560,475,25
10,B,566,439,16
10,B,570,490,55
10,B,635,1120,123
10,B,725,1243,191
10,B,745,1257,243
10,B,670,1198,283
10,B,596,1084,204
10,B,557,960,82
10,B,518,708,-160
10,B,502,740,-250
10,B,560,813,-254
10,B,663,901,-147
10,B,728,1024,-29
10,B,724,1125,55
10,B,828,903,110
10,B,874,905,143
10,B,874,860,210
10,B,881,840,298
10,B,917,794,346
10,B,952,847,286
10,B,1007,976,209
10,B,1027,897,163
10,B,1000,815,163
10,B,981,758,213
10,B,973,756,305
10,B,961,770,351
10,B,930,902,291
10,B,901,858,268
10,B,935,737,358
10,B,1062,583,465
10,B,1176,484,580
10,B,1216,365,664
10,B,1181,220,634
10,B,1146,112,574
10,B,1084,156,484
10,B,1021,284,412
10,B,1005,291,400
10,B,1084,-23,608
10,B,1182,-228,649
10,B,1272,-429,710
10,B,1307,-526,770
10,B,1311,-475,778
10,B,1290,-381,685
10,B,1211,-350,377
11,B,1145,69,214
11,B,1202,59,233
11,B,1270,52,251
11,B,1310,48,229
11,B,1401,25,186
11,B,1439,47,193
11,B,1427,72,212
11,B,1360,115,205
11,B,1289,168,175
11,B,1255,196,119
11,B,1256,117,98
11,B,1265,44,102
11,B,1262,-17,104
11,B,1250,-44,51
11,B,1257,-48,-23
11,B,1279,17,-62
11,B,1291,106,-82
11,B,1321,166,-66
11,B,1340,147,-13
11,B,1332,109,21
11,B,1330,29,51
11,B,1310,-48,57
11,B,1294,-66,13
11,B,1277,-31,-23
11,B,1241,58,-72
11,B,1193,101,-129
11,B,1142,105,-152
11,B,1084,86,-114
11,B,1120,88,-54
11,B,1161,76,15
11,B,1184,81,76
11,B,1184,63,113
11,B,1158,9,124
11,B,1067,-67,-29
11,B,1052,-69,-96
11,B,1076,-87,-174
11,B,1090,-78,-149
11,B,1080,-36,-137
11,B,1041,19,-162
11,B,1027,-136,80
11,B,1079,-174,237
11,B,1055,-159,276
11,B,968,-104,278
11,B,894,-29,264
11,B,854,62,286
11,B,817,250,234
11,B,796,285,78
11,B,781,214,-52
11,B,769,154,-151
11,B,767,88,-208
11,B,779,-41,-222
11,B,875,-101,-8
11,B,914,-17,228
11,B,905,93,368
11,B,839,168,312
11,B,754,170,184
11,B,699,123,-93
11,B,696,-11,-141
11,B,719,-36,-77
11,B,717,-67,4
11,B,733,-117,91
11,B,786,-188,179
11,B,885,-304,374
11,B,912,-390,404
11,B,903,-466,372
11,B,880,-551,302
11,B,869,-592,260
11,B,853,-576,229
11,B,786,-579,186
11,B,738,-578,171
11,B,687,-530,156
11,B,665,-505,128
11,B,666,-483,89
11,B,680,-477,93
11,B,653,-345,130
11,B,635,-257,119
11,B,602,-176,78
11,B,562,-64,-3
11,B,528,82,-77
11,B,512,146,-125
11,B,490,157,-145
11,B,483,144,-142
11,B,484,162,-104
11,B,474,262,-82
11,B,453,383,-64
11,B,449,502,-53
11,B,467,765,-113
11,B,493,827,-107
11,B,526,783,-106
11,B,546,647,-81
11,B,562,569,-30
11,B,569,712,8
11,B,622,1046,58
11,B,654,1052,34
11,B,684,1056,-29
11,B,704,1121,-103
11,B,716,1162,-153
11,B,735,1190,-208
11,B,791,1228,-353
11,B,850,1167,-382
11,B,899,1132,-375
11,B,912,1135,-354
11,B,901,1168,-348
11,B,914,1172,-391
11,B,954,1055,-414
11,B,961,1010,-421
11,B,963,959,-433
11,B,966,912,-424
11,B,965,917,-400
11,B,977,826,-419
11,B,981,740,-395
11,B,989,663,-344
11,B,1015,553,-283
11,B,1058,429,-220
11,B,1106,329,-170
11,B,1217,172,-114
11,B,1263,153,-118
11,B,1279,164,-116
11,B,1259,188,-115
11,B,1217,143,-100
11,B,1186,32,-54
11,B,1144,-183,36
11,B,1123,-258,72
11,B,1123,-309,109
11,B,1142,-298,139
11,B,1185,-264,223
11,B,1238,-328,319
11,B,1266,-442,465
11,B,1288,-503,500
11,B,1301,-555,525
11,B,1299,-614,551
11,B,1306,-684,578
11,B,1320,-717,579
11,B,1235,-728,439
11,B,1166,-751,342
11,B,1099,-724,246
11,B,1048,-681,168
11,B,1010,-665,117
11,B,984,-655,105
11,B,951,-529,128
11,B,937,-458,165
11,B,925,-408,193
11,B,913,-347,194
11,B,897,-284,170
11,B,869,-235,127
11,B,801,-139,59
11,B,790,-92,28
11,B,777,-63,18
11,B,815,-65,39
11,B,743,2,50
11,B,765,234,23
11,B,767,297,17
11,B,741,341,54
11,B,758,341,77
11,B,721,278,88
11,B,663,224,54
11,B,675,321,-142
11,B,654,478,-145
11,B,643,578,-37
11,B,642,563,58
11,B,623,470,36
11,B,599,403,-31
11,B,588,405,-127
11,B,675,407,-61
11,B,736,490,38
11,B,557,668,23
11,B,639,599,-10
11,B,712,695,-58
11,B,513,625,50
11,B,514,591,-96
11,B,569,621,-146
11,B,595,701,-71
11,B,610,731,-31
11,B,658,759,29
11,B,668,855,115
11,B,701,939,153
11,B,640,1047,130
11,B,759,1173,124
11,B,837,904,172
11,B,892,737,262
11,B,869,857,130
11,B,952,790,108
11,B,966,737,152
11,B,978,712,261
11,B,1010,717,374
11,B,1037,670,419
11,B,1071,454,472
11,B,1081,439,511
11,B,1094,491,548
11,B,1075,556,561
11,B,1032,586,479
11,B,1016,643,373
11,B,1066,581,338
11,B,1103,419,400
11,B,1211,171,517
11,B,1362,-51,621
11,B,1438,-111,691
11,B,1339,21,734
11,B,1266,66,650
11,B,1224,-19,536
12,B,1046,114,205
12,B,1076,131,217
12,B,1094,112,200
12,B,1130,32,177
12,B,1148,3,167
12,B,1166,-9,168
12,B,1194,12,180
12,B,1237,63,228
12,B,1285,86,276
12,B,1371,105,298
12,B,1398,77,285
12,B,1411,26,267
12,B,1426,2,234
12,B,1441,24,234
12,B,1430,54,243
12,B,1421,75,193
12,B,1437,25,172
12,B,1426,10,181
12,B,1413,26,189
12,B,1402,41,185
12,B,1378,53,193
12,B,1346,79,134
12,B,1328,92,86
12,B,1318,100,42
12,B,1324,103,5
12,B,1313,119,-34
12,B,1266,162,0
12,B,1247,132,15
12,B,1234,56,32
12,B,1235,-38,56
12,B,1224,-81,38
12,B,1192,-68,17
12,B,1078,4,-50
12,B,1045,30,-101
12,B,1024,60,-154
12,B,1009,130,-196
12,B,1080,95,-192
12,B,1106,68,-130
12,B,1178,27,-76
12,B,1164,39,20
12,B,1100,128,138
12,B,1007,231,199
12,B,953,251,192
12,B,891,258,236
12,B,816,119,384
12,B,787,24,315
12,B,759,30,134
12,B,756,64,-36
12,B,743,122,-161
12,B,707,138,-248
12,B,759,98,-269
12,B,779,32,-234
12,B,767,-12,-81
12,B,758,34,63
12,B,735,90,134
12,B,699,76,129
12,B,686,-49,-20
12,B,689,-104,-88
12,B,697,-201,-62
12,B,710,-273,22
12,B,749,-288,140
12,B,768,-306,236
12,B,854,-338,424
12,B,854,-422,444
12,B,832,-502,398
12,B,799,-551,317
12,B,748,-569,236
12,B,710,-542,213
12,B,627,-406,113
12,B,608,-347,67
12,B,606,-308,59
12,B,630,-321,106
12,B,689,-339,203
12,B,712,-326,292
12,B,687,-350,243
12,B,653,-307,167
12,B,631,-206,94
12,B,621,-82,40
12,B,579,-6,-34
12,B,515,128,-80
12,B,525,149,-87
12,B,524,145,-80
12,B,493,160,-112
12,B,452,281,-161
12,B,440,409,-188
12,B,486,513,-157
12,B,496,543,-140
12,B,506,553,-102
12,B,524,596,-88
12,B,534,617,-129
12,B,561,628,-141
12,B,623,695,-125
12,B,640,758,-101
12,B,680,828,-82
12,B,727,895,-86
12,B,755,958,-104
12,B,767,998,-118
12,B,779,1124,-113
12,B,783,1211,-162
12,B,814,1263,-216
12,B,849,1278,-228
12,B,873,1256,-220
12,B,872,1219,-222
12,B,886,1138,-209
12,B,897,1136,-241
12,B,896,1115,-269
12,B,913,1081,-291
12,B,923,1073,-295
12,B,931,1030,-273
12,B,962,883,-173
12,B,1002,833,-107
12,B,1031,731,-58
12,B,1060,651,-5
12,B,1085,602,-1
12,B,1098,564,-23
12,B,1062,554,-124
12,B,1125,495,-180
12,B,1139,426,-211
12,B,1157,318,-117
12,B,1147,190,-35
12,B,1144,131,65
12,B,1099,70,148
12,B,1040,98,218
12,B,1012,133,211
12,B,1048,96,130
12,B,1125,-27,37
12,B,1173,-121,117
12,B,1155,-108,204
12,B,1181,-185,318
12,B,1222,-285,414
12,B,1271,-339,462
12,B,1333,-372,508
12,B,1451,-372,591
12,B,1470,-374,586
12,B,1485,-452,563
12,B,1493,-519,533
12,B,1474,-572,532
12,B,1407,-592,564
12,B,1215,-564,480
12,B,1146,-574,365
12,B,1110,-543,263
12,B,1100,-515,220
12,B,1092,-507,214
12,B,1049,-465,186
12,B,959,-281,121
12,B,932,-198,97
12,B,932,-121,85
12,B,926,-49,75
12,B,912,-10,66
12,B,893,26,27
12,B,814,-1,40
12,B,752,-36,50
12,B,705,-61,38
12,B,676,-10,12
12,B,667,102,-50
12,B,674,225,-92
12,B,711,336,-45
12,B,726,352,-15
12,B,739,346,-6
12,B,728,306,10
12,B,718,305,29
12,B,693,345,-43
12,B,669,397,-177
12,B,657,352,-185
12,B,657,311,-137
12,B,662,330,-144
12,B,654,408,-181
12,B,652,476,-190
12,B,740,561,-97
12,B,772,595,-13
12,B,766,603,15
12,B,714,604,-22
12,B,644,551,-105
12,B,594,446,-197
12,B,580,244,-309
12,B,622,227,-322
12,B,697,339,-241
12,B,765,460,-161
12,B,805,555,-87
12,B,811,681,8
12,B,856,715,-101
12,B,882,722,-164
12,B,956,659,-156
12,B,994,617,-113
12,B,988,626,30
12,B,996,669,20
12,B,967,663,69
12,B,958,666,104
12,B,965,693,91
12,B,977,682,107
12,B,1000,552,121
12,B,1144,428,240
12,B,1219,493,306
12,B,1245,525,279
12,B,1232,578,246
12,B,1199,603,194
12,B,1150,575,147
12,B,1149,360,222
12,B,1180,185,259
12,B,1222,81,302
13,B,1150,72,231
13,B,1171,123,207
13,B,1181,192,156
13,B,1205,250,102
13,B,1247,227,101
13,B,1283,175,136
13,B,1283,144,164
13,B,1268,107,174
13,B,1285,88,150
13,B,1273,95,163
13,B,1268,120,179
13,B,1287,136,183
13,B,1323,110,213
13,B,1334,60,281
13,B,1316,84,257
13,B,1331,98,212
13,B,1353,79,200
13,B,1355,30,187
13,B,1344,1,152
13,B,1291,-59,62
13,B,1247,-95,61
13,B,1224,-109,118
13,B,1220,-124,175
13,B,1237,-124,184
13,B,1273,-103,163
13,B,1311,-25,125
13,B,1319,8,165
13,B,1304,7,228
13,B,1283,0,291
13,B,1266,-30,335
13,B,1228,-62,360
13,B,1055,-60,267
13,B,1004,-71,149
13,B,982,-106,42
13,B,964,-125,-57
13,B,912,-126,-91
13,B,991,-130,-114
13,B,1072,-124,-29
13,B,1114,-39,80
13,B,1115,52,101
13,B,1064,110,102
13,B,981,128,116
13,B,907,135,80
13,B,852,103,86
13,B,779,118,110
13,B,728,126,192
13,B,737,97,226
13,B,806,64,204
13,B,810,68,105
13,B,786,79,33
13,B,756,69,-70
13,B,727,118,-141
13,B,698,211,-148
13,B,670,254,-156
13,B,686,165,-231
13,B,698,73,-237
13,B,721,9,-137
13,B,774,-71,70
13,B,832,-143,247
13,B,841,-136,348
13,B,799,-114,402
13,B,763,-176,375
13,B,750,-315,306
13,B,759,-428,238
13,B,789,-468,195
13,B,811,-472,215
13,B,780,-583,313
13,B,734,-637,296
13,B,685,-727,251
13,B,648,-851,201
13,B,630,-805,126
13,B,612,-697,48
13,B,664,-529,99
13,B,680,-424,169
13,B,670,-338,199
13,B,626,-297,187
13,B,607,-275,143
13,B,592,-253,108
13,B,552,-192,33
13,B,555,-134,-1
13,B,568,-29,-26
13,B,596,70,-38
13,B,611,142,-37
13,B,617,222,-23
13,B,568,421,-49
13,B,553,492,-89
13,B,546,543,-130
13,B,562,579,-142
13,B,594,625,-180
13,B,613,627,-182
13,B,659,712,-205
13,B,647,709,-188
13,B,626,712,-216
13,B,648,707,-272
13,B,690,729,-352
13,B,803,695,-410
13,B,828,725,-423
13,B,808,774,-424
13,B,812,824,-417
13,B,849,853,-400
13,B,893,896,-371
13,B,992,986,-393
13,B,1015,945,-393
13,B,1032,871,-386
13,B,1041,802,-373
13,B,1060,747,-378
13,B,1074,757,-373
13,B,1116,889,-416
13,B,1151,897,-397
13,B,1169,880,-309
13,B,1229,841,-130
13,B,1290,786,61
13,B,1304,773,177
13,B,1385,705,202
13,B,1428,658,257
13,B,1289,680,126
13,B,1172,596,-11
13,B,1149,384,-173
13,B,1126,186,-155
13,B,1161,-1,49
13,B,1176,-49,83
13,B,1241,-67,30
13,B,1293,-146,-35
13,B,1212,-202,24
13,B,1132,-298,120
13,B,1092,-531,124
13,B,1092,-619,69
13,B,1115,-687,112
13,B,1157,-703,220
13,B,1192,-684,309
13,B,1213,-652,380
13,B,1197,-503,422
13,B,1157,-502,418
13,B,1113,-532,384
13,B,1080,-597,336
13,B,1064,-688,321
13,B,1056,-726,332
13,B,959,-661,302
13,B,921,-630,247
13,B,885,-570,167
13,B,838,-504,89
13,B,803,-475,29
13,B,787,-445,-17
13,B,784,-419,9
13,B,773,-411,47
13,B,778,-366,53
13,B,782,-300,55
13,B,776,-248,92
13,B,759,-163,106
13,B,676,69,-16
13,B,640,133,-101
13,B,601,149,-174
13,B,574,97,-214
13,B,561,18,-237
13,B,666,61,-145
13,B,705,198,-52
13,B,706,371,44
13,B,695,516,74
13,B,711,568,47
13,B,738,547,35
13,B,735,506,26
13,B,764,463,-1
13,B,804,432,16
13,B,828,390,32
13,B,835,323,28
13,B,821,303,24
13,B,816,388,-94
13,B,812,444,-169
13,B,786,530,-143
13,B,765,601,-141
13,B,833,604,-93
13,B,905,604,-2
13,B,977,848,145
13,B,983,903,177
13,B,949,968,181
13,B,914,1008,114
13,B,942,958,53
13,B,1006,807,9
13,B,1065,673,18
13,B,1085,679,85
13,B,1082,716,151
13,B,1063,747,219
13,B,1061,665,260
13,B,1071,617,257
13,B,1065,656,237
13,B,1121,604,244
13,B,1186,535,242
13,B,1227,522,222
13,B,1255,562,223
13,B,1268,598,240
13,B,1265,486,242
13,B,1284,399,260
13,B,1337,319,318
13,B,1380,293,391
13,B,1371,259,430
13,B,1327,189,457
13,B,1257,36,339
13,B,1250,-12,286
13,B,1237,-78,270
13,B,1223,-106,294
14,B,997,133,123
14,B,1019,143,119
14,B,1047,134,126
14,B,1071,104,131
14,B,1096,83,134
14,B,1141,85,149
14,B,1178,120,146
14,B,1267,96,99
14,B,1291,31,125
14,B,1325,-40,174
14,B,1355,0,196
14,B,1375,83,174
14,B,1388,161,144
14,B,1432,270,164
14,B,1480,238,160
14,B,1510,160,174
14,B,1506,73,184
14,B,1483,-4,164
14,B,1471,-38,139
14,B,1415,13,37
14,B,1406,73,-27
14,B,1412,118,-55
14,B,1398,119,-65
14,B,1378,96,-49
14,B,1343,71,-6
14,B,1276,-10,-18
14,B,1239,-55,-39
14,B,1196,-78,-80
14,B,1150,-99,-132
14,B,1151,-118,-113
14,B,1192,-91,-59
14,B,1201,-17,106
14,B,1145,-39,109
14,B,1072,-67,170
14,B,1034,-41,146
14,B,1010,-12,38
14,B,1006,-16,-43
14,B,1032,76,-98
14,B,1066,140,-106
14,B,1056,136,-69
14,B,1018,157,-12
14,B,960,158,-11
14,B,924,103,1
14,B,828,-35,67
14,B,839,-132,94
14,B,829,-162,108
14,B,783,-51,87
14,B,728,79,31
14,B,687,169,-136
14,B,675,242,-201
14,B,690,243,-192
14,B,699,226,-154
14,B,732,143,-107
14,B,795,-15,-27
14,B,788,-289,119
14,B,777,-296,146
14,B,803,-212,86
14,B,798,-162,78
14,B,776,-128,96
14,B,799,-172,127
14,B,838,-431,186
14,B,857,-603,240
14,B,867,-742,317
14,B,862,-810,427
14,B,821,-768,486
14,B,787,-689,438
14,B,773,-536,243
14,B,741,-465,176
14,B,709,-419,106
14,B,690,-387,67
14,B,660,-365,73
14,B,654,-366,117
14,B,617,-280,70
14,B,590,-169,20
14,B,555,-78,43
14,B,534,-26,56
14,B,526,43,17
14,B,507,127,-50
14,B,405,273,-134
14,B,373,324,-139
14,B,378,345,-154
14,B,408,326,-172
14,B,454,347,-162
14,B,515,425,-130
14,B,581,657,-69
14,B,579,735,-73
14,B,587,784,-122
14,B,595,811,-186
14,B,588,861,-241
14,B,597,865,-305
14,B,672,848,-304
14,B,722,918,-310
14,B,780,984,-296
14,B,823,1026,-263
14,B,854,1054,-272
14,B,883,1042,-335
14,B,921,1059,-438
14,B,924,1092,-437
14,B,940,1110,-420
14,B,967,1121,-409
14,B,983,1126,-407
14,B,1016,1093,-412
14,B,1077,983,-374
14,B,1079,885,-338
14,B,1078,781,-299
14,B,1073,703,-262
14,B,1100,640,-203
14,B,1181,561,-140
14,B,1164,483,-26
14,B,1151,407,-66
14,B,1083,435,17
14,B,1099,385,0
14,B,1162,161,30
14,B,1203,-119,150
14,B,1294,-540,348
14,B,1369,-597,430
14,B,1432,-509,493
14,B,1456,-385,513
14,B,1458,-342,533
14,B,1433,-416,537
14,B,1396,-726,475
14,B,1369,-792,455
14,B,1388,-870,451
14,B,1389,-879,526
14,B,1338,-833,629
14,B,1069,-857,595
14,B,841,-887,452
14,B,882,-958,282
14,B,1268,-1068,45
14,B,1157,-838,-97
14,B,871,-639,-20
14,B,863,-775,-54
14,B,857,-751,13
14,B,782,-672,208
14,B,744,-628,359
14,B,751,-515,407
14,B,756,-296,367
14,B,772,-7,25
14,B,754,2,-78
14,B,721,53,-81
14,B,678,142,-88
14,B,633,197,-104
14,B,595,213,-105
14,B,567,216,-96
14,B,564,169,-76
14,B,562,142,-47
14,B,566,203,14
14,B,558,307,86
14,B,567,377,71
14,B,574,530,25
14,B,541,570,-55
14,B,521,557,-127
14,B,521,549,-187
14,B,516,597,-203
14,B,547,616,-160
14,B,698,629,23
14,B,744,620,127
14,B,747,625,169
14,B,706,633,155
14,B,688,635,139
14,B,677,655,100
14,B,681,827,-34
14,B,805,951,-2
14,B,892,1063,-10
14,B,978,1104,126
14,B,1098,1024,234
14,B,1166,874,287
14,B,1192,732,338
14,B,1259,766,281
14,B,1263,828,283
14,B,1238,908,266
14,B,1233,848,244
14,B,1268,759,239
14,B,1395,611,368
14,B,1436,643,464
14,B,1439,669,495
14,B,1435,461,499
14,B,1432,108,479
14,B,1324,-223,356
14,B,1200,-172,281
14,B,1112,-47,233
14,B,1063,172,170
14,B,1074,410,102
14,B,1126,557,178
14,B,1214,76,378
14,B,1279,-266,335
14,B,1293,-505,308
14,B,1271,-608,333
14,B,1246,-526,297
14,B,1223,-307,259
14,B,1134,9,221
14,B,1088,116,203
14,B,1064,60,180
14,B,1087,-165,158
14,B,1120,-337,127
14,B,1141,-350,148
14,B,1226,-187,324
14,B,1221,-98,330
14,B,1172,-55,277
14,B,1106,-27,205
15,B,1159,90,78
15,B,1213,110,103
15,B,1298,151,135
15,B,1340,192,148
15,B,1383,203,163
15,B,1426,194,187
15,B,1452,210,207
15,B,1475,216,221
15,B,1495,296,275
15,B,1479,283,288
15,B,1483,187,266
15,B,1461,76,260
15,B,1403,-21,227
15,B,1350,-81,178
15,B,1272,-38,109
15,B,1279,10,112
15,B,1283,73,137
15,B,1278,139,124
15,B,1287,144,137
15,B,1293,62,139
15,B,1307,-55,143
15,B,1286,-71,156
15,B,1253,-20,154
15,B,1241,11,131
15,B,1226,23,127
15,B,1177,39,118
15,B,1095,-45,93
15,B,1061,-95,51
15,B,1029,-85,-14
15,B,998,-54,-53
15,B,1005,-57,-2
15,B,1037,-36,112
15,B,994,48,163
15,B,1002,33,98
15,B,1038,39,44
15,B,1019,116,-1
15,B,987,119,-26
15,B,990,44,-61
15,B,933,52,-37
15,B,886,88,9
15,B,861,128,-26
15,B,853,143,-110
15,B,866,138,-167
15,B,852,179,-162
15,B,793,262,-140
15,B,751,247,-122
15,B,724,67,-72
15,B,720,-163,-26
15,B,713,-240,-2
15,B,696,81,-135
15,B,698,172,-171
15,B,704,177,-126
15,B,705,165,-36
15,B,715,98,35
15,B,758,-81,108
15,B,845,-330,224
15,B,851,-385,271
15,B,851,-402,323
15,B,854,-433,348
15,B,859,-463,342
15,B,853,-527,326
15,B,802,-626,264
15,B,761,-663,245
15,B,721,-672,240
15,B,694,-683,200
15,B,689,-660,145
15,B,701,-600,130
15,B,707,-442,154
15,B,694,-363,170
15,B,698,-302,181
15,B,685,-267,169
15,B,653,-216,151
15,B,615,-158,99
15,B,590,-76,0
15,B,563,12,-59
15,B,557,63,-74
15,B,555,98,-41
15,B,565,194,2
15,B,591,306,35
15,B,599,388,44
15,B,603,462,-10
15,B,590,540,-79
15,B,584,585,-97
15,B,583,590,-97
15,B,563,556,-136
15,B,514,659,-222
15,B,550,730,-217
15,B,630,808,-204
15,B,683,861,-164
15,B,706,847,-94
15,B,716,794,-57
15,B,698,788,-115
15,B,676,809,-232
15,B,694,898,-354
15,B,742,962,-416
15,B,804,958,-423
15,B,835,948,-369
15,B,865,949,-260
15,B,896,935,-241
15,B,938,947,-217
15,B,975,1012,-236
15,B,1017,1050,-277
15,B,1100,1000,-353
15,B,1102,1008,-371
15,B,1113,987,-361
15,B,1122,947,-326
15,B,1116,920,-295
15,B,1084,917,-299
15,B,1139,785,-156
15,B,1189,632,-60
15,B,1295,434,76
15,B,1285,354,179
15,B,1265,386,196
15,B,1256,418,132
15,B,1162,335,26
15,B,1169,279,-69
15,B,1200,222,-128
15,B,1203,112,-23
15,B,1193,-55,155
15,B,1167,-189,288
15,B,1222,-367,391
15,B,1262,-405,402
15,B,1255,-439,374
15,B,1208,-473,313
15,B,1198,-572,220
15,B,1223,-694,200
15,B,1201,-890,345
15,B,1169,-897,404
15,B,1148,-878,401
15,B,1133,-870,380
15,B,1103,-869,373
15,B,1056,-880,381
15,B,939,-865,185
15,B,885,-804,46
15,B,860,-763,-32
15,B,850,-721,-19
15,B,848,-684,44
15,B,854,-637,102
15,B,847,-414,162
15,B,842,-296,182
15,B,841,-167,174
15,B,800,-65,119
15,B,801,14,91
15,B,781,40,3
15,B,741,161,-65
15,B,775,188,-69
15,B,799,179,-18
15,B,785,164,58
15,B,792,94,135
15,B,761,92,177
15,B,714,330,-9
15,B,676,457,-89
15,B,633,535,-67
15,B,611,463,-43
15,B,635,315,-72
15,B,651,234,-77
15,B,610,299,-7
15,B,594,343,27
15,B,597,376,46
15,B,636,413,5
15,B,666,441,-20
15,B,648,343,-43
15,B,688,485,6
15,B,798,705,111
15,B,829,897,176
15,B,880,1019,264
15,B,987,960,272
15,B,880,814,96
15,B,793,619,79
15,B,798,532,66
15,B,838,617,48
15,B,898,820,113
15,B,959,990,205
15,B,1012,990,217
15,B,1015,930,199
15,B,994,816,221
15,B,1028,606,291
15,B,1186,423,403
15,B,1321,416,458
15,B,1361,600,457
15,B,1313,564,425
15,B,1224,474,377
15,B,1125,490,278
15,B,1082,510,195
15,B,1098,418,207
15,B,1175,418,290
15,B,1209,341,336
15,B,1253,257,374
15,B,1258,152,392
15,B,1242,51,409
15,B,1208,-86,382
15,B,1159,-304,270
15,B,1159,-215,216
15,B,1148,-89,221
15,B,1151,-3,244
15,B,1164,-4,272
15,B,1176,-46,314
15,B,1182,-201,344
15,B,1217,-329,364
15,B,1242,-404,356
16,B,1127,146,257
16,B,1177,162,302
16,B,1225,172,339
16,B,1265,142,333
16,B,1294,115,290
16,B,1324,127,288
16,B,1361,148,320
16,B,1361,181,313
16,B,1353,150,296
16,B,1359,87,302
16,B,1367,30,297
16,B,1347,-15,279
16,B,1336,-36,235
16,B,1326,-37,241
16,B,1323,-37,265
16,B,1309,-37,255
16,B,1300,-66,233
16,B,1309,-132,230
16,B,1371,-82,362
16,B,1393,-57,452
16,B,1402,-23,523
16,B,1384,-1,519
16,B,1354,8,471
16,B,1320,0,409
16,B,1260,-92,333
16,B,1212,-92,273
16,B,1167,-62,204
16,B,1159,-68,190
16,B,1158,-80,223
16,B,1176,-100,296
16,B,1117,-220,343
16,B,1094,-243,340
16,B,1056,-222,304
16,B,1032,-178,195
16,B,1035,-83,139
16,B,1057,80,-12
16,B,1104,95,-105
16,B,1027,96,-81
16,B,984,4,-89
16,B,970,-129,-92
16,B,945,-196,-10
16,B,1006,-189,281
16,B,958,-110,438
16,B,914,-5,582
16,B,890,132,600
16,B,835,250,579
16,B,826,294,417
16,B,761,263,-58
16,B,716,264,-258
16,B,688,230,-371
16,B,658,147,-319
16,B,673,77,-162
16,B,724,33,26
16,B,699,39,235
16,B,654,49,260
16,B,607,92,197
16,B,552,101,51
16,B,527,24,-68
16,B,537,-100,-88
16,B,573,-389,100
16,B,617,-478,248
16,B,673,-559,354
16,B,734,-628,473
16,B,780,-620,606
16,B,752,-583,672
16,B,622,-633,471
16,B,570,-731,335
16,B,494,-826,155
16,B,462,-735,20
16,B,480,-674,0
16,B,518,-596,27
16,B,514,-454,176
16,B,502,-357,242
16,B,493,-255,231
16,B,460,-99,117
16,B,429,27,-33
16,B,426,79,-122
16,B,524,78,-326
16,B,492,25,-279
16,B,450,24,-157
16,B,447,190,-98
16,B,447,431,-109
16,B,467,654,-91
16,B,526,1029,-200
16,B,587,976,-246
16,B,639,822,-239
16,B,654,702,-205
16,B,675,733,-175
16,B,697,918,-165
16,B,762,1162,-164
16,B,813,1194,-152
16,B,893,1199,-194
16,B,953,1218,-269
16,B,984,1192,-282
16,B,1011,1166,-283
16,B,1041,1221,-317
16,B,1083,1206,-326
16,B,1112,1165,-285
16,B,1133,1090,-200
16,B,1145,1048,-141
16,B,1158,846,-149
16,B,1141,667,-165
16,B,1132,526,-145
16,B,1173,465,-129
16,B,1239,479,-91
16,B,1255,543,-32
16,B,1227,678,74
16,B,1184,613,109
16,B,1189,466,121
16,B,1117,349,108
16,B,1220,188,123
16,B,1157,97,33
16,B,1156,-153,157
16,B,1121,-259,330
16,B,1239,-424,461
16,B,1214,-537,461
16,B,1179,-609,439
16,B,1281,-653,273
16,B,1317,-675,158
16,B,1354,-834,289
16,B,1429,-923,471
16,B,1439,-943,651
16,B,1380,-935,795
16,B,1374,-923,787
16,B,1328,-992,559
16,B,1189,-990,412
16,B,1044,-965,296
16,B,930,-973,189
16,B,850,-956,81
16,B,827,-898,60
16,B,850,-747,201
16,B,828,-722,275
16,B,815,-703,299
16,B,803,-666,278
16,B,778,-598,241
16,B,743,-523,196
16,B,657,-406,70
16,B,634,-301,53
16,B,619,-193,53
16,B,596,-82,65
16,B,588,-21,89
16,B,612,-10,115
16,B,658,75,215
16,B,636,166,197
16,B,569,233,138
16,B,515,284,71
16,B,474,323,-5
16,B,480,365,-67
16,B,650,563,-56
16,B,737,684,79
16,B,757,819,146
16,B,710,900,137
16,B,635,918,42
16,B,568,875,-138
16,B,523,775,-193
16,B,522,787,-246
16,B,577,817,-259
16,B,702,796,-179
16,B,780,765,-55
16,B,793,940,46
16,B,822,1050,160
16,B,843,1130,142
16,B,885,1080,118
16,B,907,932,102
16,B,907,742,161
16,B,963,811,234
16,B,1019,868,220
16,B,1080,868,219
16,B,1111,869,284
16,B,1122,842,371
16,B,1148,714,450
16,B,1183,404,429
16,B,1169,424,352
16,B,1139,508,317
16,B,1130,638,332
16,B,1123,747,318
16,B,1117,673,356
16,B,1259,200,487
16,B,1358,-9,527
16,B,1417,-134,524
16,B,1436,-167,480
16,B,1418,-104,434
16,B,1340,21,384
16,B,1101,206,307
16,B,1043,247,218
16,B,1098,187,215
16,B,1213,56,356
16,B,1307,-49,481
16,B,1367,-129,505
16,B,1384,-238,549
16,B,1361,-221,493
16,B,1283,-166,409
16,B,1169,-96,350
16,B,1087,-24,291
16,B,1080,20,238
16,B,1147,-4,267
16,B,1160,-74,305
16,B,1185,-182,332
16,B,1208,-244,342
16,B,1203,-222,339
17,B,1118,118,83
17,B,1277,76,101
17,B,1366,103,165
17,B,1440,77,283
17,B,1483,-27,359
17,B,1487,-134,341
17,B,1467,-161,318
17,B,1447,-205,319
17,B,1430,-138,297
17,B,1414,-47,270
17,B,1398,5,263
17,B,1392,32,283
17,B,1390,-14,321
17,B,1450,-64,497
17,B,1453,-15,518
17,B,1398,3,477
17,B,1374,-14,408
17,B,1335,-30,338
17,B,1267,-39,284
17,B,1178,-106,143
17,B,1176,-163,74
17,B,1166,-201,20
17,B,1139,-200,2
17,B,1132,-164,35
17,B,1178,-93,94
17,B,1241,87,70
17,B,1220,131,21
17,B,1199,128,-5
17,B,1192,108,8
17,B,1163,63,17
17,B,1113,3,-39
17,B,1048,-53,-104
17,B,1065,-72,-7
17,B,1091,-43,141
17,B,1088,-16,188
17,B,1115,-49,181
17,B,1143,-84,180
17,B,1012,-13,18
17,B,945,1,-122
17,B,915,44,-155
17,B,908,121,-78
17,B,920,223,21
17,B,909,306,13
17,B,833,262,-168
17,B,827,222,-225
17,B,811,195,-217
17,B,757,83,-146
17,B,710,-122,-46
17,B,696,-271,-24
17,B,627,-136,0
17,B,601,13,-19
17,B,614,94,-33
17,B,639,98,-38
17,B,664,0,-10
17,B,673,-165,49
17,B,650,-458,101
17,B,668,-474,96
17,B,706,-449,133
17,B,756,-444,221
17,B,782,-512,367
17,B,722,-631,394
17,B,696,-705,379
17,B,650,-768,385
17,B,609,-787,339
17,B,587,-727,240
17,B,558,-619,170
17,B,523,-424,117
17,B,536,-353,117
17,B,531,-330,119
17,B,518,-311,152
17,B,517,-270,187
17,B,554,-217,223
17,B,564,-151,176
17,B,528,-97,85
17,B,485,-54,-17
17,B,450,14,-92
17,B,436,141,-122
17,B,432,294,-131
17,B,455,467,-64
17,B,474,522,-21
17,B,507,592,19
17,B,534,684,2
17,B,537,760,-61
17,B,531,761,-144
17,B,493,650,-298
17,B,482,703,-333
17,B,461,774,-328
17,B,465,890,-306
17,B,497,997,-287
17,B,543,1053,-267
17,B,666,1443,-343
17,B,705,1627,-401
17,B,733,1716,-453
17,B,762,1684,-494
17,B,784,1592,-518
17,B,786,1462,-527
17,B,832,1286,-469
17,B,876,1224,-421
17,B,931,1118,-409
17,B,987,1029,-388
17,B,1036,1021,-335
17,B,1057,1038,-312
17,B,1096,1155,-218
17,B,1148,1026,-142
17,B,1210,772,-91
17,B,1233,558,-61
17,B,1223,384,-61
17,B,1205,278,-59
17,B,1163,187,78
17,B,1116,129,148
17,B,1095,16,213
17,B,1216,-196,235
17,B,1282,-284,438
17,B,1250,-258,536
17,B,1394,-376,302
17,B,1493,-475,429
17,B,1572,-515,591
17,B,1624,-563,776
17,B,1656,-613,904
17,B,1666,-623,773
17,B,1625,-646,585
17,B,1560,-676,407
17,B,1408,-731,319
17,B,1247,-824,236
17,B,1150,-933,30
17,B,1001,-1087,43
17,B,937,-1073,122
17,B,885,-1006,148
17,B,839,-877,155
17,B,804,-736,152
17,B,791,-600,153
17,B,711,-372,130
17,B,687,-351,110
17,B,692,-335,87
17,B,677,-328,49
17,B,659,-351,33
17,B,647,-291,34
17,B,597,54,40
17,B,613,235,45
17,B,652,358,91
17,B,670,415,118
17,B,664,398,116
17,B,663,367,107
17,B,636,372,75
17,B,621,359,82
17,B,601,332,56
17,B,569,385,22
17,B,567,446,10
17,B,584,492,-12
17,B,667,668,42
17,B,685,797,82
17,B,735,709,85
17,B,724,626,12
17,B,649,559,-81
17,B,561,498,-161
17,B,476,366,-177
17,B,515,485,-145
17,B,556,667,-96
17,B,654,750,-2
17,B,759,798,52
17,B,818,926,169
17,B,864,923,192
17,B,872,764,157
17,B,866,640,167
17,B,879,581,254
17,B,943,603,312
17,B,1033,697,287
17,B,1144,802,305
17,B,1190,842,310
17,B,1189,966,300
17,B,1178,986,350
17,B,1187,941,370
17,B,1223,804,359
17,B,1213,555,374
17,B,1162,510,400
17,B,1092,510,404
17,B,1033,502,331
17,B,964,614,238
17,B,980,765,215
17,B,1179,754,471
17,B,1270,488,638
17,B,1342,185,741
17,B,1359,29,736
17,B,1323,15,654
17,B,1190,291,481
17,B,1116,397,382
17,B,1052,339,371
17,B,1014,95,412
17,B,1063,-241,471
17,B,1176,-465,495
17,B,1312,-401,617
17,B,1294,-286,644
17,B,1222,-202,606
17,B,1144,-134,494
17,B,1063,-89,358
17,B,1011,-150,282
17,B,1052,-405,260
17,B,1113,-463,267
17,B,1155,-464,326
17,B,1184,-437,403
18,B,1127,217,339
18,B,1164,182,327
18,B,1206,168,277
18,B,1244,135,299
18,B,1286,127,297
18,B,1332,118,285
18,B,1366,112,300
18,B,1388,125,282
18,B,1434,51,288
18,B,1459,23,342
18,B,1465,-22,377
18,B,1460,-80,386
18,B,1448,-124,379
18,B,1434,-150,370
18,B,1400,-112,329
18,B,1375,-91,282
18,B,1362,-78,237
18,B,1350,-72,219
18,B,1345,-62,229
18,B,1341,-50,249
18,B,1317,-77,266
18,B,1285,-73,265
18,B,1250,-56,283
18,B,1205,-46,296
18,B,1185,-52,268
18,B,1165,-75,221
18,B,1144,-112,167
18,B,1137,-126,156
18,B,1125,-115,168
18,B,1109,-89,191
18,B,1060,-21,186
18,B,1016,51,154
18,B,1009,125,103
18,B,991,146,83
18,B,1047,137,28
18,B,1103,133,-18
18,B,1107,117,5
18,B,1061,109,48
18,B,979,70,118
18,B,979,121,184
18,B,971,191,270
18,B,931,215,304
18,B,886,202,253
18,B,828,118,172
18,B,816,-212,78
18,B,836,-259,47
18,B,835,-175,27
18,B,845,-30,42
18,B,862,106,83
18,B,856,192,100
18,B,813,214,27
18,B,812,170,4
18,B,810,39,13
18,B,800,-161,55
18,B,777,-325,97
18,B,737,-378,139
18,B,721,-401,151
18,B,757,-445,221
18,B,816,-487,358
18,B,829,-523,456
18,B,798,-532,479
18,B,723,-539,361
18,B,631,-536,281
18,B,560,-549,207
18,B,519,-549,126
18,B,504,-567,74
18,B,523,-577,50
18,B,554,-366,135
18,B,530,-273,170
18,B,482,-223,170
18,B,429,-171,90
18,B,379,-140,-14
18,B,347,-84,-82
18,B,329,-10,-203
18,B,319,46,-227
18,B,330,149,-221
18,B,355,234,-213
18,B,386,332,-190
18,B,412,371,-200
18,B,473,588,-176
18,B,504,706,-212
18,B,541,795,-244
18,B,559,864,-255
18,B,567,937,-284
18,B,589,1040,-305
18,B,639,1244,-328
18,B,657,1304,-349
18,B,688,1356,-358
18,B,701,1415,-343
18,B,704,1506,-346
18,B,735,1507,-377
18,B,743,1544,-486
18,B,756,1487,-546
18,B,777,1358,-591
18,B,818,1190,-590
18,B,838,1081,-546
18,B,847,997,-460
18,B,881,975,-353
18,B,887,938,-319
18,B,896,841,-297
18,B,914,746,-282
18,B,936,630,-249
18,B,988,479,-213
18,B,1044,430,-195
18,B,996,487,-202
18,B,944,516,-193
18,B,908,500,-186
18,B,902,415,-168
18,B,929,-11,-74
18,B,971,-250,-1
18,B,1011,-349,50
18,B,1060,-329,76
18,B,1116,-264,94
18,B,1159,-188,136
18,B,1234,-221,252
18,B,1282,-350,316
18,B,1327,-424,345
18,B,1359,-460,374
18,B,1415,-488,442
18,B,1489,-510,542
18,B,1616,-567,679
18,B,1611,-608,712
18,B,1558,-678,696
18,B,1456,-709,610
18,B,1327,-717,482
18,B,1235,-733,315
18,B,1093,-781,146
18,B,1043,-767,124
18,B,1019,-728,103
18,B,994,-652,117
18,B,969,-600,149
18,B,963,-563,200
18,B,925,-360,200
18,B,900,-226,165
18,B,862,-116,120
18,B,815,-45,99
18,B,762,-10,78
18,B,715,-32,47
18,B,684,-107,-42
18,B,660,-37,-58
18,B,634,135,-82
18,B,633,290,-60
18,B,667,375,-21
18,B,676,411,-8
18,B,616,355,-78
18,B,579,265,-147
18,B,543,132,-226
18,B,523,55,-270
18,B,511,80,-285
18,B,522,186,-260
18,B,556,408,-109
18,B,571,502,-63
18,B,599,633,-61
18,B,617,735,-102
18,B,610,762,-152
18,B,609,698,-180
18,B,573,582,-218
18,B,557,577,-203
18,B,571,598,-156
18,B,601,683,-69
18,B,640,827,35
18,B,812,1044,175
18,B,899,1102,149
18,B,954,1098,115
18,B,1032,973,45
18,B,1024,835,-32
18,B,998,722,-12
18,B,958,584,20
18,B,964,620,111
18,B,1025,660,290
18,B,1105,669,432
18,B,1146,722,528
18,B,1202,763,579
18,B,1280,608,559
18,B,1258,591,507
18,B,1205,548,459
18,B,1158,495,415
18,B,1127,503,387
18,B,1105,521,417
18,B,1075,489,505
18,B,1089,481,509
18,B,1119,499,512
18,B,1142,504,547
18,B,1163,407,619
18,B,1183,217,671
18,B,1168,266,544
18,B,1146,338,418
18,B,1100,330,352
18,B,1037,297,281
18,B,1024,254,236
18,B,1052,125,282
18,B,1157,-72,547
18,B,1184,-75,658
18,B,1195,-96,682
18,B,1207,-133,660
18,B,1203,-144,606
18,B,1167,-148,525
18,B,1102,-183,446
18,B,1061,-175,394
18,B,1031,-155,359
19,B,1085,198,147
19,B,1150,163,103
19,B,1183,159,83
19,B,1237,188,82
19,B,1294,226,118
19,B,1351,246,166
19,B,1415,259,202
19,B,1490,306,308
19,B,1498,314,329
19,B,1499,310,327
19,B,1480,282,283
19,B,1454,251,231
19,B,1432,220,178
19,B,1346,292,72
19,B,1390,251,105
19,B,1432,193,185
19,B,1452,172,246
19,B,1494,113,302
19,B,1513,57,360
19,B,1463,92,261
19,B,1421,135,194
19,B,1396,169,224
19,B,1355,185,218
19,B,1302,122,153
19,B,1258,22,61
19,B,1221,-200,13
19,B,1285,-316,111
19,B,1383,-414,266
19,B,1443,-408,412
19,B,1367,-383,464
19,B,1243,-305,448
19,B,1078,-68,327
19,B,1065,28,216
19,B,1040,102,186
19,B,963,208,239
19,B,932,252,172
19,B,914,221,137
19,B,916,-112,242
19,B,917,-204,198
19,B,922,-185,188
19,B,915,-20,147
19,B,887,144,85
19,B,806,241,79
19,B,630,405,-90
19,B,644,350,-236
19,B,652,258,-423
19,B,593,247,-405
19,B,528,318,-352
19,B,505,375,-271
19,B,532,314,-81
19,B,567,252,-57
19,B,609,224,-28
19,B,609,259,39
19,B,540,246,51
19,B,477,144,13
19,B,451,-44,-72
19,B,470,-130,-80
19,B,511,-156,-55
19,B,574,-166,6
19,B,637,-204,72
19,B,692,-326,179
19,B,692,-467,249
19,B,688,-502,273
19,B,686,-591,282
19,B,707,-729,311
19,B,718,-819,334
19,B,652,-851,328
19,B,629,-715,282
19,B,606,-564,181
19,B,608,-505,125
19,B,636,-492,114
19,B,628,-488,137
19,B,575,-516,149
19,B,540,-490,94
19,B,490,-444,24
19,B,440,-385,6
19,B,409,-200,9
19,B,439,56,0
19,B,489,311,8
19,B,480,341,45
19,B,465,349,63
19,B,450,379,46
19,B,440,426,4
19,B,468,552,-64
19,B,563,868,-122
19,B,627,921,-158
19,B,662,911,-200
19,B,659,853,-228
19,B,656,821,-246
19,B,658,907,-257
19,B,726,1092,-227
19,B,773,1117,-165
19,B,810,1130,-143
19,B,852,1098,-152
19,B,884,1034,-205
19,B,892,1014,-241
19,B,888,999,-249
19,B,893,990,-243
19,B,903,1043,-218
19,B,931,1059,-176
19,B,950,1051,-136
19,B,1001,1077,-86
19,B,1096,994,-72
19,B,1158,807,-43
19,B,1203,701,-50
19,B,1230,647,-107
19,B,1248,583,-145
19,B,1219,554,-177
19,B,1170,382,-155
19,B,1220,244,-147
19,B,1243,170,-140
19,B,1271,140,-65
19,B,1318,66,31
19,B,1544,-107,94
19,B,1638,-69,92
19,B,1474,10,48
19,B,1356,29,91
19,B,1256,-78,64
19,B,1162,-260,152
19,B,1123,-579,108
19,B,1236,-742,60
19,B,1340,-879,164
19,B,1393,-897,337
19,B,1445,-829,450
19,B,1476,-814,510
19,B,1307,-960,470
19,B,1274,-1050,284
19,B,1170,-1074,40
19,B,1064,-1093,-58
19,B,1009,-1112,-116
19,B,961,-1112,-52
19,B,883,-986,115
19,B,850,-881,126
19,B,811,-797,140
19,B,780,-736,146
19,B,754,-733,106
19,B,733,-739,27
19,B,662,-442,-42
19,B,616,-311,-27
19,B,630,-229,-34
19,B,642,-149,-33
19,B,644,-16,24
19,B,630,133,101
19,B,655,464,82
19,B,654,522,62
19,B,639,531,48
19,B,597,530,-17
19,B,536,484,-84
19,B,461,410,-128
19,B,472,393,-71
19,B,555,440,66
19,B,631,547,183
19,B,649,711,285
19,B,667,726,284
19,B,658,754,167
19,B,629,712,26
19,B,650,866,9
19,B,686,1057,62
19,B,782,1104,72
19,B,866,1019,120
19,B,879,937,247
19,B,889,760,404
19,B,869,734,381
19,B,868,638,258
19,B,878,558,222
19,B,900,535,244
19,B,901,695,320
19,B,874,796,282
19,B,880,904,216
19,B,920,945,213
19,B,965,867,283
19,B,1019,717,421
19,B,1189,581,633
19,B,1228,553,680
19,B,1237,531,671
19,B,1245,506,609
19,B,1229,478,516
19,B,1208,498,447
19,B,1225,365,510
19,B,1274,224,549
19,B,1338,119,608
19,B,1396,40,678
19,B,1408,-1,668
19,B,1386,-2,643
19,B,1248,55,527
19,B,1183,102,455
19,B,1156,114,412
19,B,1155,47,426
19,B,1149,-60,460
19,B,1156,-190,497
19,B,1257,-461,577
19,B,1324,-444,658
19,B,1286,-370,693
19,B,1208,-311,664
19,B,1139,-300,568
19,B,1080,-303,420
19,B,988,-336,283
19,B,964,-349,272
19,B,990,-405,312
19,B,1048,-441,399
20,B,1131,215,252
20,B,1178,252,266
20,B,1217,283,260
20,B,1269,293,274
20,B,1319,235,296
20,B,1349,187,295
20,B,1372,135,309
20,B,1423,119,355
20,B,1474,107,394
20,B,1514,152,384
20,B,1511,205,343
20,B,1516,221,308
20,B,1521,216,302
20,B,1521,182,292
20,B,1525,178,301
20,B,1461,167,308
20,B,1431,156,288
20,B,1408,115,252
20,B,1402,61,259
20,B,1392,49,292
20,B,1361,71,274
20,B,1323,90,299
20,B,1314,54,304
20,B,1271,36,318
20,B,1230,31,337
20,B,1203,39,310
20,B,1212,47,266
20,B,1201,46,121
20,B,1212,-30,83
20,B,1196,-145,77
20,B,1097,-141,184
20,B,1049,-74,185
20,B,1024,30,161
20,B,992,171,198
20,B,1036,138,192
20,B,1019,159,203
20,B,971,142,188
20,B,934,90,117
20,B,902,60,13
20,B,844,8,-99
20,B,829,-74,-74
20,B,813,-90,-24
20,B,782,12,-7
20,B,744,119,-48
20,B,616,203,-126
20,B,588,205,-194
20,B,557,174,-227
20,B,537,84,-234
20,B,544,-31,-182
20,B,569,-130,-90
20,B,620,-154,66
20,B,659,-45,120
20,B,672,63,143
20,B,639,123,115
20,B,615,77,86
20,B,624,-51,109
20,B,713,-454,208
20,B,738,-552,296
20,B,791,-628,394
20,B,854,-688,440
20,B,881,-711,448
20,B,863,-687,426
20,B,720,-791,341
20,B,667,-772,305
20,B,646,-683,218
20,B,629,-577,150
20,B,602,-452,125
20,B,581,-335,123
20,B,567,-261,133
20,B,571,-320,127
20,B,565,-407,119
20,B,567,-444,129
20,B,552,-394,98
20,B,509,-236,46
20,B,462,178,-61
20,B,462,339,-108
20,B,462,438,-153
20,B,461,480,-182
20,B,464,499,-190
20,B,476,512,-173
20,B,561,412,-85
20,B,606,462,-54
20,B,591,607,-68
20,B,551,760,-96
20,B,535,854,-150
20,B,526,898,-222
20,B,553,881,-334
20,B,583,874,-340
20,B,633,907,-307
20,B,692,960,-263
20,B,728,1038,-233
20,B,789,1188,-259
20,B,800,1260,-318
20,B,807,1272,-377
20,B,829,1238,-424
20,B,867,1202,-463
20,B,894,1202,-495
20,B,936,1097,-510
20,B,964,1080,-509
20,B,983,1075,-501
20,B,964,1061,-470
20,B,913,1065,-434
20,B,909,979,-444
20,B,984,861,-425
20,B,990,879,-365
20,B,988,862,-343
20,B,994,817,-325
20,B,1008,747,-306
20,B,1023,631,-294
20,B,1027,343,-268
20,B,1023,326,-243
20,B,1035,340,-195
20,B,1070,359,-160
20,B,1092,359,-53
20,B,1081,257,41
20,B,1089,-119,140
20,B,1088,-210,180
20,B,1117,-259,218
20,B,1175,-280,257
20,B,1211,-224,281
20,B,1235,-146,317
20,B,1262,-263,428
20,B,1306,-447,444
20,B,1353,-572,444
20,B,1381,-615,471
20,B,1391,-590,538
20,B,1409,-568,618
20,B,1391,-535,590
20,B,1365,-620,588
20,B,1340,-767,580
20,B,1294,-808,541
20,B,1215,-738,472
20,B,1144,-642,331
20,B,1051,-466,253
20,B,1010,-422,187
20,B,983,-395,174
20,B,955,-347,181
20,B,915,-341,202
20,B,859,-343,170
20,B,829,-226,176
20,B,785,-108,180
20,B,756,-26,162
20,B,750,37,129
20,B,726,41,99
20,B,677,-87,-1
20,B,653,-123,-47
20,B,637,-93,-36
20,B,637,-2,0
20,B,656,118,62
20,B,674,240,127
20,B,698,281,126
20,B,707,141,53
20,B,692,63,-7
20,B,672,26,-68
20,B,670,51,-84
20,B,660,169,-75
20,B,678,472,-28
20,B,723,594,-8
20,B,759,658,46
20,B,805,656,97
20,B,834,621,51
20,B,779,612,13
20,B,705,521,-129
20,B,660,366,-180
20,B,580,237,-268
20,B,454,311,-270
20,B,506,560,-214
20,B,709,695,-137
20,B,865,794,272
20,B,814,833,301
20,B,780,766,129
20,B,738,682,-73
20,B,687,668,-198
20,B,653,665,-194
20,B,785,756,-35
20,B,905,826,101
20,B,1070,785,221
20,B,1045,875,309
20,B,1106,980,274
20,B,1130,734,393
20,B,1007,641,401
20,B,1104,669,155
20,B,1156,721,45
20,B,1177,782,92
20,B,1176,755,215
20,B,1170,696,417
20,B,1176,595,485
20,B,1184,497,484
20,B,1159,452,464
20,B,1109,465,414
20,B,1056,541,340
20,B,1023,585,262
20,B,1017,587,295
20,B,1018,520,384
20,B,1027,348,475
20,B,1029,234,487
20,B,1005,201,444
20,B,942,349,370
20,B,936,423,348
20,B,955,445,357
21,B,1151,101,144
21,B,1199,57,148
21,B,1259,40,154
21,B,1316,10,208
21,B,1378,115,242
21,B,1395,173,280
21,B,1427,241,308
21,B,1449,294,294
21,B,1457,319,274
21,B,1447,299,270
21,B,1436,140,225
21,B,1455,54,211
21,B,1458,-4,239
21,B,1435,-14,268
21,B,1432,-29,283
21,B,1431,-50,295
21,B,1361,-45,264
21,B,1324,-23,224
21,B,1288,16,173
21,B,1259,13,154
21,B,1219,-2,184
21,B,1183,28,236
21,B,1178,11,242
21,B,1189,-55,222
21,B,1180,-174,188
21,B,1146,-273,142
21,B,1101,-226,86
21,B,1083,139,101
21,B,1096,118,114
21,B,1060,127,64
21,B,1003,165,18
21,B,1034,155,34
21,B,1117,87,44
21,B,1115,-58,180
21,B,1097,-115,240
21,B,1086,-136,180
21,B,1055,-108,104
21,B,1018,-61,29
21,B,992,30,-34
21,B,922,144,-50
21,B,891,176,-25
21,B,872,220,-75
21,B,882,148,-87
21,B,951,-3,-21
21,B,1028,-196,83
21,B,1037,-193,139
21,B,971,-56,102
21,B,912,70,81
21,B,871,169,50
21,B,860,196,-41
21,B,857,211,-84
21,B,842,177,-2
21,B,821,118,70
21,B,806,16,95
21,B,793,-55,82
21,B,793,-54,13
21,B,759,-15,-11
21,B,679,62,37
21,B,667,78,49
21,B,642,39,78
21,B,635,-123,142
21,B,674,-340,205
21,B,719,-529,322
21,B,709,-542,364
21,B,667,-475,386
21,B,630,-476,381
21,B,586,-505,286
21,B,547,-532,197
21,B,490,-524,221
21,B,493,-468,194
21,B,484,-454,147
21,B,457,-407,115
21,B,411,-328,87
21,B,398,-292,80
21,B,364,-183,11
21,B,328,-180,-43
21,B,296,-172,-106
21,B,282,-61,-167
21,B,283,76,-204
21,B,334,242,-197
21,B,464,590,-52
21,B,507,642,-4
21,B,541,702,-12
21,B,533,777,8
21,B,501,858,48
21,B,513,945,22
21,B,555,879,-63
21,B,574,845,-110
21,B,571,838,-128
21,B,561,850,-124
21,B,567,942,-152
21,B,595,1023,-193
21,B,687,980,-202
21,B,746,872,-177
21,B,784,868,-134
21,B,780,999,-126
21,B,753,1153,-156
21,B,748,1257,-208
21,B,810,1183,-321
21,B,843,1108,-341
21,B,862,1095,-318
21,B,875,1150,-273
21,B,900,1128,-223
21,B,897,1119,-224
21,B,861,1091,-305
21,B,875,1061,-329
21,B,893,1001,-331
21,B,919,947,-302
21,B,986,859,-234
21,B,1074,770,-83
21,B,1189,627,-31
21,B,1196,515,38
21,B,1305,361,74
21,B,1353,288,137
21,B,1492,161,125
21,B,1386,-55,146
21,B,1468,-211,283
21,B,1482,-286,503
21,B,1441,-229,558
21,B,1474,-187,486
21,B,1515,-257,469
21,B,1720,-481,534
21,B,1735,-436,573
21,B,1655,-439,520
21,B,1607,-582,444
21,B,1553,-751,439
21,B,1387,-826,496
21,B,1257,-809,179
21,B,1201,-752,-17
21,B,1100,-710,-69
21,B,1013,-704,-122
21,B,965,-708,-157
21,B,917,-670,-116
21,B,827,-491,7
21,B,819,-373,26
21,B,837,-301,21
21,B,850,-289,17
21,B,835,-295,31
21,B,775,-295,35
21,B,643,-257,20
21,B,601,-200,-31
21,B,590,-111,-68
21,B,596,20,-46
21,B,596,137,10
21,B,598,216,76
21,B,617,209,138
21,B,629,157,133
21,B,620,168,121
21,B,590,209,112
21,B,549,270,82
21,B,489,373,15
21,B,489,487,-54
21,B,533,468,39
21,B,565,464,146
21,B,582,471,203
21,B,591,460,200
21,B,602,459,150
21,B,483,538,-82
21,B,388,532,-131
21,B,361,511,-160
21,B,413,532,-117
21,B,493,637,49
21,B,699,774,431
21,B,798,835,554
21,B,830,860,516
21,B,815,864,456
21,B,808,839,426
21,B,816,804,384
21,B,896,857,328
21,B,948,868,413
21,B,1012,805,614
21,B,1143,650,721
21,B,1288,681,703
21,B,1351,619,723
21,B,1399,524,838
21,B,1386,674,851
21,B,1362,641,818
21,B,1289,563,780
21,B,1211,509,619
21,B,1074,358,502
21,B,1032,132,409
21,B,1089,186,472
21,B,1136,251,623
21,B,1235,305,762
21,B,1344,208,850
21,B,1408,-23,903
21,B,1340,-328,841
21,B,1264,-253,690
21,B,1176,-74,563
21,B,1125,161,491
21,B,1086,373,464
21,B,1060,449,518
21,B,1084,51,615
21,B,1173,-315,681
21,B,1244,-496,670
21,B,1266,-488,672
21,B,1215,-408,681
21,B,1131,-351,632
21,B,989,-188,403
21,B,938,-113,343
22,B,1122,43,295
22,B,1146,64,300
22,B,1193,77,298
22,B,1210,69,292
22,B,1237,45,298
22,B,1284,-12,310
22,B,1356,-48,317
22,B,1417,-62,293
22,B,1556,43,286
22,B,1599,106,303
22,B,1620,114,296
22,B,1614,70,305
22,B,1611,-49,313
22,B,1600,-178,307
22,B,1537,-247,307
22,B,1507,-270,303
22,B,1472,-260,268
22,B,1440,-228,219
22,B,1419,-198,170
22,B,1405,-185,143
22,B,1436,-197,211
22,B,1439,-192,282
22,B,1450,-195,352
22,B,1434,-139,388
22,B,1388,-74,386
22,B,1265,76,232
22,B,1198,147,206
22,B,1131,191,179
22,B,1066,199,138
22,B,1043,220,87
22,B,1016,259,35
22,B,906,272,-4
22,B,951,116,45
22,B,1041,-57,196
22,B,1057,-120,275
22,B,1002,-150,249
22,B,947,-161,157
22,B,836,-48,-50
22,B,772,-9,-56
22,B,735,-11,-66
22,B,702,-79,-76
22,B,664,-212,-83
22,B,643,-392,-85
22,B,716,-556,72
22,B,780,-549,236
22,B,763,-525,329
22,B,719,-580,341
22,B,681,-643,286
22,B,654,-675,192
22,B,576,-889,85
22,B,555,-932,87
22,B,544,-856,91
22,B,549,-879,133
22,B,533,-901,191
22,B,531,-927,227
22,B,465,-922,189
22,B,424,-869,159
22,B,386,-793,140
22,B,363,-697,160
22,B,354,-587,192
22,B,345,-495,215
22,B,336,-368,232
22,B,343,-296,250
22,B,351,-169,272
22,B,335,-30,267
22,B,308,54,246
22,B,280,110,212
22,B,233,227,107
22,B,236,291,85
22,B,260,368,95
22,B,312,417,101
22,B,386,471,134
22,B,432,566,174
22,B,447,781,191
22,B,435,936,141
22,B,410,1073,71
22,B,412,1119,-7
22,B,451,1148,-80
22,B,484,1168,-153
22,B,554,1121,-210
22,B,586,1061,-214
22,B,590,1043,-254
22,B,614,1156,-263
22,B,671,1360,-242
22,B,825,1561,-180
22,B,845,1591,-133
22,B,870,1612,-111
22,B,897,1583,-125
22,B,915,1539,-141
22,B,926,1508,-153
22,B,940,1427,-106
22,B,966,1341,-62
22,B,1012,1231,-14
22,B,1056,1116,34
22,B,1094,972,86
22,B,1143,819,123
22,B,1189,637,156
22,B,1163,630,165
22,B,1138,684,187
22,B,1121,716,205
22,B,1092,695,209
22,B,1065,595,244
22,B,869,253,360
22,B,1406,-298,356
22,B,1413,-127,598
22,B,1335,112,559
22,B,1319,99,497
22,B,1418,-108,494
22,B,1666,-772,705
22,B,1657,-987,879
22,B,1677,-1055,811
22,B,1689,-1004,591
22,B,1691,-1000,371
22,B,1643,-1018,310
22,B,1424,-1042,338
22,B,1316,-1063,268
22,B,1185,-1090,191
22,B,1058,-1094,106
22,B,965,-1100,26
22,B,906,-1116,21
22,B,841,-1058,69
22,B,836,-975,72
22,B,817,-908,92
22,B,770,-864,106
22,B,700,-759,100
22,B,609,-613,77
22,B,462,-380,7
22,B,410,-317,-46
22,B,381,-297,-44
22,B,379,-247,-12
22,B,380,-152,6
22,B,367,-11,43
22,B,355,221,164
22,B,354,234,171
22,B,326,253,152
22,B,309,271,133
22,B,286,305,130
22,B,273,334,146
22,B,347,412,216
22,B,426,541,327
22,B,504,710,451
22,B,650,946,481
22,B,671,1005,482
22,B,667,1301,346
22,B,685,1439,424
22,B,852,1377,460
22,B,765,1471,534
22,B,781,1183,533
22,B,890,1141,449
22,B,838,604,574
22,B,787,731,504
22,B,867,897,400
22,B,920,961,414
22,B,973,954,507
22,B,1020,950,599
22,B,1208,631,990
22,B,1290,276,1054
22,B,1363,81,908
22,B,1407,109,708
22,B,1411,344,674
22,B,1320,585,818
22,B,1218,479,816
22,B,1125,351,779
22,B,1011,131,731
22,B,925,-184,776
22,B,897,-466,771
22,B,897,-390,646
22,B,1037,332,634
22,B,1221,464,882
22,B,1329,340,1110
22,B,1323,164,1193
22,B,1254,49,1114
22,B,1210,-185,1000
22,B,1303,-680,854
22,B,1255,-447,819
22,B,1159,-187,815
22,B,1084,-37,780
22,B,1044,106,687
22,B,1019,212,602
22,B,938,171,568
22,B,944,112,548
22,B,975,9,562
22,B,1018,-160,630
22,B,1063,-306,695
22,B,1085,-356,728
22,B,1041,-282,662
22,B,995,-223,590
22,B,965,-185,554
22,B,944,-146,495
22,B,936,-104,458
22,B,996,-218,539
22,B,1048,-303,611
22,B,1030,-333,608
22,B,1001,-340,585
22,B,1001,-319,577
22,B,1012,-264,590
22,B,996,-129,547
22,B,971,-79,510
22,B,952,-36,481
22,B,937,-8,459
23,B,967,97,257
23,B,972,107,243
23,B,987,136,239
23,B,1031,175,247
23,B,1087,229,269
23,B,1141,264,325
23,B,1301,219,322
23,B,1395,183,320
23,B,1477,123,335
23,B,1571,71,350
23,B,1634,39,346
23,B,1699,71,345
23,B,1672,99,360
23,B,1646,75,376
23,B,1634,41,381
23,B,1634,-30,393
23,B,1634,-116,411
23,B,1581,-175,395
23,B,1554,-190,374
23,B,1532,-179,347
23,B,1512,-143,357
23,B,1497,-108,385
23,B,1492,-105,387
23,B,1451,-146,445
23,B,1422,-178,432
23,B,1401,-160,374
23,B,1379,-161,319
23,B,1354,-161,303
23,B,1317,-148,311
23,B,1204,-187,288
23,B,1151,-261,249
23,B,1082,-257,225
23,B,1078,-219,230
23,B,1137,-198,290
23,B,1181,-184,374
23,B,899,57,266
23,B,850,65,17
23,B,784,45,-104
23,B,701,71,-78
23,B,648,113,-57
23,B,612,160,-97
23,B,649,181,-184
23,B,726,169,-162
23,B,753,103,-7
23,B,743,-71,116
23,B,714,-199,146
23,B,608,-224,197
23,B,415,-328,146
23,B,344,-331,-1
23,B,278,-362,-78
23,B,259,-435,-55
23,B,273,-485,9
23,B,310,-769,106
23,B,350,-1415,250
23,B,406,-1489,244
23,B,450,-1417,392
23,B,468,-1208,488
23,B,374,-1000,415
23,B,249,-922,229
23,B,68,-937,-22
23,B,-4,-877,-34
23,B,0,-814,-10
23,B,38,-732,60
23,B,99,-633,135
23,B,211,-330,323
23,B,216,-152,337
23,B,205,-15,258
23,B,195,78,130
23,B,200,139,38
23,B,211,251,7
23,B,228,558,73
23,B,285,686,156
23,B,388,825,234
23,B,504,987,275
23,B,602,1156,294
23,B,663,1277,250
23,B,767,1471,139
23,B,820,1562,119
23,B,846,1623,76
23,B,827,1728,44
23,B,814,1808,-7
23,B,812,1926,-88
23,B,815,1833,-250
23,B,800,1780,-279
23,B,804,1766,-337
23,B,814,1718,-358
23,B,841,1596,-309
23,B,848,1529,-214
23,B,861,1245,-111
23,B,948,1044,-113
23,B,1018,943,-124
23,B,1053,925,-100
23,B,1098,938,-52
23,B,1176,968,-5
23,B,1275,913,239
23,B,1316,435,369
23,B,1338,-47,402
23,B,1339,-257,358
23,B,1300,-246,333
23,B,1242,-227,335
23,B,1153,-580,281
23,B,1032,-844,289
23,B,1093,-1162,323
23,B,1573,-1326,315
23,B,1516,-1181,524
23,B,1376,-1063,637
23,B,1536,-1412,431
23,B,1616,-1365,434
23,B,1508,-1248,529
23,B,1344,-1181,526
23,B,1270,-1152,285
23,B,1221,-1148,29
23,B,1007,-1142,-124
23,B,891,-1088,-146
23,B,816,-1010,-196
23,B,797,-948,-237
23,B,790,-874,-227
23,B,782,-689,-154
23,B,768,-615,-108
23,B,761,-550,-80
23,B,746,-487,-81
23,B,701,-419,-99
23,B,664,-360,-97
23,B,648,-213,-130
23,B,638,-147,-138
23,B,630,-109,-119
23,B,660,-57,-42
23,B,681,-42,29
23,B,671,-27,65
23,B,663,79,134
23,B,680,185,149
23,B,706,323,132
23,B,727,417,139
23,B,726,457,130
23,B,690,404,85
23,B,576,304,13
23,B,546,284,-27
23,B,550,344,-32
23,B,577,452,18
23,B,600,624,50
23,B,604,804,93
23,B,711,1021,207
23,B,705,1017,182
23,B,636,891,106
23,B,547,670,0
23,B,457,420,-86
23,B,433,217,-142
23,B,485,336,-47
23,B,610,559,118
23,B,640,751,230
23,B,731,871,341
23,B,727,921,316
23,B,722,904,328
23,B,744,896,267
23,B,791,734,359
23,B,907,541,491
23,B,1031,434,537
23,B,857,618,579
23,B,962,704,631
23,B,1048,886,476
23,B,1012,999,559
23,B,956,990,720
23,B,936,843,822
23,B,955,585,877
23,B,1026,211,963
23,B,1171,-170,980
23,B,1180,-29,868
23,B,1225,158,812
23,B,1276,243,797
23,B,1319,318,802
23,B,1264,295,772
23,B,1238,88,788
23,B,1247,-61,816
23,B,1239,-129,784
23,B,1220,-180,727
23,B,1185,-101,633
23,B,1188,86,583
23,B,1221,-27,638
23,B,1195,-147,669
23,B,1168,-249,705
23,B,1221,-386,705
23,B,1278,-462,692
23,B,1236,-462,600
23,B,1163,-430,556
23,B,1106,-332,514
23,B,1071,-227,449
23,B,1057,-179,429
23,B,1039,-174,427
23,B,1071,-211,416
23,B,1101,-273,450
23,B,1135,-317,512
23,B,1150,-326,548
23,B,1119,-283,529
23,B,1065,-230,487
23,B,957,-120,338
23,B,917,-45,271
23,B,879,15,228
23,B,857,54,210
23,B,859,53,229
23,B,886,25,271
24,B,1035,124,248
24,B,1073,124,247
24,B,1119,117,223
24,B,1147,132,201
24,B,1187,164,185
24,B,1237,184,176
24,B,1301,188,199
24,B,1342,205,263
24,B,1388,210,216
24,B,1430,210,148
24,B,1497,188,154
24,B,1590,154,231
24,B,1663,123,321
24,B,1682,-14,403
24,B,1681,-109,383
24,B,1644,-144,330
24,B,1596,-136,263
24,B,1543,-98,224
24,B,1489,-86,189
24,B,1369,-80,130
24,B,1310,-97,54
24,B,1242,-66,-23
24,B,1201,-31,-26
24,B,1248,-6,91
24,B,1301,126,207
24,B,1201,297,238
24,B,1148,282,185
24,B,1089,181,108
24,B,1059,1,94
24,B,1028,-183,56
24,B,979,-285,18
24,B,1018,-303,162
24,B,1107,-190,256
24,B,1243,-92,307
24,B,1253,-54,322
24,B,1144,-35,348
24,B,1065,-104,292
24,B,990,-625,239
24,B,942,-797,343
24,B,880,-715,427
24,B,863,-513,443
24,B,897,-350,444
24,B,957,-252,433
24,B,979,-204,454
24,B,958,-201,408
24,B,912,-180,309
24,B,852,-144,221
24,B,782,-85,137
24,B,706,-36,45
24,B,598,-50,-131
24,B,570,-66,-178
24,B,559,-82,-160
24,B,551,-135,-104
24,B,546,-205,-70
24,B,544,-272,-59
24,B,556,-455,5
24,B,574,-558,26
24,B,569,-558,60
24,B,531,-520,82
24,B,506,-501,103
24,B,526,-541,129
24,B,564,-703,296
24,B,538,-797,335
24,B,535,-736,332
24,B,539,-730,314
24,B,527,-644,286
24,B,472,-436,253
24,B,376,-178,222
24,B,353,-72,192
24,B,336,35,140
24,B,336,64,105
24,B,346,27,82
24,B,351,-2,-38
24,B,376,149,-65
24,B,370,363,-51
24,B,368,563,-35
24,B,380,708,-30
24,B,426,806,-26
24,B,559,916,-42
24,B,593,950,-30
24,B,588,1040,-19
24,B,574,1179,-51
24,B,573,1305,-104
24,B,597,1366,-147
24,B,706,1355,-233
24,B,741,1343,-227
24,B,771,1337,-216
24,B,782,1424,-219
24,B,793,1430,-232
24,B,804,1375,-238
24,B,822,1318,-313
24,B,851,1294,-413
24,B,888,1190,-460
24,B,907,1118,-449
24,B,901,1095,-424
24,B,890,1097,-400
24,B,914,1061,-334
24,B,941,1008,-311
24,B,972,929,-261
24,B,983,863,-209
24,B,967,802,-193
24,B,951,752,-185
24,B,958,525,-154
24,B,967,351,-137
24,B,967,222,-138
24,B,951,222,-142
24,B,934,253,-102
24,B,940,188,-89
24,B,1118,26,-91
24,B,1205,-86,-54
24,B,1255,-206,27
24,B,1278,-244,89
24,B,1288,-161,107
24,B,1241,-51,116
24,B,1201,-187,196
24,B,1251,-336,240
24,B,1344,-441,262
24,B,1420,-513,292
24,B,1490,-562,383
24,B,1561,-573,508
24,B,1648,-702,694
24,B,1610,-771,692
24,B,1505,-744,601
24,B,1394,-705,474
24,B,1289,-705,322
24,B,1173,-760,172
24,B,971,-810,-3
24,B,925,-775,-6
24,B,901,-689,43
24,B,921,-624,118
24,B,948,-536,157
24,B,951,-412,183
24,B,873,-254,143
24,B,820,-205,94
24,B,780,-149,29
24,B,748,-89,-24
24,B,734,-61,-29
24,B,719,-26,26
24,B,706,14,79
24,B,717,5,125
24,B,729,30,102
24,B,716,104,53
24,B,708,177,61
24,B,717,314,58
24,B,690,273,47
24,B,666,258,43
24,B,638,319,13
24,B,609,375,-24
24,B,618,372,-17
24,B,595,273,-44
24,B,555,316,-55
24,B,512,430,-83
24,B,501,516,-58
24,B,517,587,-34
24,B,510,638,-30
24,B,488,704,-60
24,B,519,822,-61
24,B,565,934,-20
24,B,669,927,36
24,B,761,881,77
24,B,786,884,79
24,B,727,869,88
24,B,704,841,-74
24,B,662,795,-99
24,B,681,782,-74
24,B,805,717,-25
24,B,844,870,109
24,B,972,633,394
24,B,924,486,641
24,B,1003,462,546
24,B,1056,471,411
24,B,1022,527,348
24,B,955,617,305
24,B,951,787,259
24,B,1004,797,383
24,B,1064,698,477
24,B,1115,540,547
24,B,1176,350,632
24,B,1232,223,701
24,B,1292,281,727
24,B,1267,366,658
24,B,1224,410,528
24,B,1164,479,391
24,B,1098,471,313
24,B,1076,364,290
24,B,1198,-48,417
24,B,1284,-159,550
24,B,1345,-162,688
24,B,1354,-140,762
24,B,1337,-62,670
24,B,1255,89,507
24,B,1090,146,373
24,B,1078,-30,361
24,B,1086,-154,359
24,B,1109,-204,416
24,B,1143,-230,443
24,B,1202,-267,508
24,B,1193,-256,630
24,B,1133,-200,543
24,B,1074,-127,399
25,B,1031,156,180
25,B,1049,181,186
25,B,1094,174,222
25,B,1127,163,236
25,B,1167,111,197
25,B,1213,116,194
25,B,1257,142,206
25,B,1290,141,217
25,B,1313,138,205
25,B,1329,142,175
25,B,1370,174,190
25,B,1390,181,212
25,B,1420,131,225
25,B,1442,60,237
25,B,1438,16,222
25,B,1434,27,196
25,B,1368,66,115
25,B,1378,37,29
25,B,1432,42,28
25,B,1477,21,77
25,B,1507,-37,147
25,B,1533,-92,164
25,B,1583,-106,205
25,B,1578,-103,269
25,B,1562,-76,338
25,B,1538,-41,354
25,B,1467,-4,324
25,B,1345,6,98
25,B,1264,33,-23
25,B,1228,62,-1
25,B,1219,30,61
25,B,1231,41,159
25,B,1243,21,183
25,B,1284,78,164
25,B,1367,1,106
25,B,1358,-39,101
25,B,1296,-76,52
25,B,1178,-68,-9
25,B,1053,-38,28
25,B,882,55,328
25,B,801,224,339
25,B,744,314,302
25,B,683,348,252
25,B,655,356,143
25,B,678,307,14
25,B,718,-4,-85
25,B,732,-39,-71
25,B,660,75,-55
25,B,530,212,-93
25,B,447,252,-209
25,B,401,230,-339
25,B,321,118,-414
25,B,340,99,-339
25,B,406,-4,-193
25,B,489,-105,-57
25,B,532,-178,86
25,B,534,-264,239
25,B,466,-413,207
25,B,507,-520,149
25,B,579,-591,167
25,B,647,-615,288
25,B,663,-635,370
25,B,648,-712,389
25,B,659,-1280,317
25,B,586,-1243,305
25,B,524,-1166,257
25,B,527,-1018,220
25,B,545,-834,154
25,B,506,-696,156
25,B,505,-439,109
25,B,474,-317,90
25,B,441,-238,97
25,B,430,-235,96
25,B,407,-257,88
25,B,351,-231,73
25,B,274,-8,-22
25,B,270,168,-112
25,B,272,336,-222
25,B,262,434,-280
25,B,270,511,-272
25,B,292,608,-241
25,B,291,817,-98
25,B,324,845,-31
25,B,407,870,-15
25,B,488,916,-55
25,B,530,1019,-113
25,B,534,1207,-194
25,B,579,1097,-241
25,B,613,1108,-228
25,B,635,1280,-241
25,B,673,1453,-293
25,B,732,1473,-247
25,B,814,1494,-147
25,B,855,1547,-119
25,B,904,1565,-158
25,B,944,1528,-221
25,B,980,1522,-252
25,B,1004,1505,-266
25,B,1011,1382,-214
25,B,1034,1261,-159
25,B,1067,1231,-161
25,B,1095,1228,-137
25,B,1101,1164,-83
25,B,1132,1087,-14
25,B,1223,753,87
25,B,1258,629,134
25,B,1270,536,210
25,B,1247,446,281
25,B,1161,429,277
25,B,1021,438,209
25,B,809,42,107
25,B,980,-317,30
25,B,1252,-578,138
25,B,1289,-701,337
25,B,1452,-766,620
25,B,1606,-730,825
25,B,1521,-638,828
25,B,1458,-757,671
25,B,1382,-936,554
25,B,1408,-1085,430
25,B,1436,-1117,477
25,B,1476,-1152,583
25,B,1470,-1242,699
25,B,1364,-1216,669
25,B,1212,-1176,614
25,B,1069,-1110,413
25,B,966,-1033,170
25,B,904,-941,-70
25,B,780,-757,-99
25,B,726,-719,-28
25,B,676,-665,16
25,B,633,-584,25
25,B,615,-492,77
25,B,649,-432,120
25,B,627,-284,171
25,B,617,-182,151
25,B,567,-119,130
25,B,496,-131,101
25,B,425,-132,61
25,B,382,128,-51
25,B,432,279,-11
25,B,489,454,89
25,B,540,573,180
25,B,571,626,236
25,B,579,597,236
25,B,504,437,115
25,B,502,375,36
25,B,533,450,12
25,B,581,560,80
25,B,626,732,165
25,B,624,917,240
25,B,667,895,186
25,B,680,878,122
25,B,692,868,104
25,B,746,828,197
25,B,839,864,211
25,B,921,919,298
25,B,828,1194,343
25,B,798,1117,391
25,B,790,1049,392
25,B,861,995,367
25,B,989,924,348
25,B,1044,895,384
25,B,977,828,344
25,B,937,748,307
25,B,897,753,314
25,B,863,884,318
25,B,840,1045,345
25,B,917,1198,456
25,B,1059,929,663
25,B,1188,402,804
25,B,1277,115,782
25,B,1301,63,753
25,B,1245,141,724
25,B,1165,332,673
25,B,1153,523,572
25,B,1141,469,571
25,B,1220,126,685
25,B,1332,-171,823
25,B,1402,-269,867
25,B,1437,-263,839
25,B,1331,-226,705
25,B,1220,-85,578
25,B,1125,41,469
25,B,1075,105,441
25,B,1045,-10,436
25,B,1060,-265,479
25,B,1188,-504,510
25,B,1216,-485,613
25,B,1235,-404,699
25,B,1211,-282,660
25,B,1168,-168,579
25,B,1109,-54,503
25,B,1005,49,391
25,B,991,-49,392
25,B,995,-170,395
25,B,1007,-234,409
25,B,1044,-179,471
25,B,1093,-56,547
25,B,1073,17,527
26,B,1178,185,384
26,B,1212,139,386
26,B,1253,121,392
26,B,1299,91,414
26,B,1347,93,423
26,B,1435,177,429
26,B,1488,188,467
26,B,1534,183,479
26,B,1553,165,478
26,B,1554,136,476
26,B,1554,89,444
26,B,1556,60,401
26,B,1561,57,394
26,B,1559,56,395
26,B,1544,35,385
26,B,1532,-26,376
26,B,1532,-109,378
26,B,1497,-116,356
26,B,1462,-81,360
26,B,1416,-23,338
26,B,1372,38,294
26,B,1325,60,261
26,B,1264,68,207
26,B,1144,-47,141
26,B,1115,-130,151
26,B,1108,-178,166
26,B,1080,-197,164
26,B,1078,-211,159
26,B,1015,-104,102
26,B,984,-32,96
26,B,997,45,123
26,B,981,146,139
26,B,936,187,123
26,B,890,189,72
26,B,825,116,-91
26,B,812,37,-65
26,B,714,30,-46
26,B,669,35,-98
26,B,665,38,-135
26,B,660,24,-136
26,B,725,82,112
26,B,698,145,143
26,B,655,152,54
26,B,633,23,-101
26,B,612,-158,-205
26,B,593,-290,-217
26,B,613,-459,-157
26,B,628,-401,-114
26,B,641,-279,-20
26,B,683,-199,84
26,B,749,-197,161
26,B,782,-266,360
26,B,917,-738,415
26,B,956,-867,366
26,B,956,-870,370
26,B,941,-897,369
26,B,905,-952,305
26,B,827,-876,231
26,B,693,-732,170
26,B,652,-692,151
26,B,624,-621,164
26,B,623,-582,183
26,B,616,-570,226
26,B,626,-562,270
26,B,604,-418,253
26,B,554,-329,210
26,B,509,-294,148
26,B,476,-291,75
26,B,444,-241,7
26,B,406,-139,-53
26,B,371,84,-33
26,B,385,225,-8
26,B,398,363,0
26,B,420,440,8
26,B,446,476,20
26,B,458,506,8
26,B,446,615,-22
26,B,429,674,-43
26,B,431,713,-89
26,B,472,729,-115
26,B,519,743,-103
26,B,564,790,-74
26,B,664,837,31
26,B,695,883,48
26,B,696,961,28
26,B,701,1030,24
26,B,691,1127,-12
26,B,690,1176,-181
26,B,716,1158,-253
26,B,723,1106,-272
26,B,726,1091,-288
26,B,750,1108,-301
26,B,770,1166,-318
26,B,807,1295,-297
26,B,811,1289,-301
26,B,804,1229,-311
26,B,802,1152,-335
26,B,813,1064,-363
26,B,826,1005,-359
26,B,860,927,-267
26,B,897,876,-224
26,B,941,818,-202
26,B,971,720,-183
26,B,1006,611,-137
26,B,1038,570,-102
26,B,1054,489,-72
26,B,1039,418,-57
26,B,1022,347,-48
26,B,904,363,-65
26,B,939,315,-20
26,B,1183,34,66
26,B,1325,140,268
26,B,1257,186,249
26,B,1314,-26,135
26,B,1383,-179,121
26,B,1330,-131,369
26,B,1236,-61,465
26,B,1206,80,65
26,B,1228,76,-20
26,B,1256,-31,92
26,B,1299,-263,285
26,B,1386,-433,469
26,B,1504,-510,592
26,B,1559,-465,633
26,B,1492,-469,591
26,B,1403,-521,522
26,B,1311,-579,397
26,B,1224,-651,249
26,B,1134,-675,143
26,B,1050,-588,138
26,B,1045,-499,183
26,B,1038,-429,233
26,B,1046,-382,291
26,B,1062,-335,348
26,B,1073,-327,390
26,B,952,-270,323
26,B,868,-233,222
26,B,794,-208,117
26,B,725,-196,44
26,B,651,-182,2
26,B,589,-136,-7
26,B,536,-41,10
26,B,550,-9,48
26,B,552,75,79
26,B,552,199,75
26,B,547,304,88
26,B,574,405,92
26,B,623,531,61
26,B,615,553,54
26,B,606,569,30
26,B,595,541,4
26,B,576,446,29
26,B,551,278,19
26,B,539,172,-71
26,B,621,298,-3
26,B,756,447,112
26,B,833,588,225
26,B,813,666,256
26,B,743,690,203
26,B,589,641,43
26,B,557,562,-114
26,B,589,527,-141
26,B,651,610,-84
26,B,778,700,86
26,B,1111,651,650
26,B,1254,848,680
26,B,1213,764,626
26,B,1019,686,596
26,B,828,773,388
26,B,822,825,162
26,B,779,846,78
26,B,802,939,229
26,B,915,814,445
26,B,1105,471,681
26,B,1233,270,831
26,B,1228,283,852
26,B,1062,249,651
26,B,1036,413,484
26,B,998,635,364
26,B,951,725,401
26,B,931,670,486
26,B,948,424,557
26,B,1085,-91,728
26,B,1204,-179,824
26,B,1292,-176,807
26,B,1292,-73,799
26,B,1253,141,771
26,B,1227,334,699
26,B,1121,198,683
26,B,1095,-91,667
26,B,1107,-366,624
26,B,1141,-474,610
26,B,1190,-449,646
26,B,1206,-353,722
26,B,1176,-92,675
26,B,1126,-2,632
26,B,1067,4,593
26,B,1004,-74,533
26,B,987,-201,470
26,B,1041,-316,484
27,B,1000,79,312
27,B,1021,66,305
27,B,1047,60,283
27,B,1081,42,246
27,B,1130,44,207
27,B,1241,116,219
27,B,1304,176,265
27,B,1377,244,319
27,B,1431,298,335
27,B,1477,286,341
27,B,1629,79,470
27,B,1687,-5,538
27,B,1720,-47,577
27,B,1726,-77,591
27,B,1704,-128,583
27,B,1673,-199,547
27,B,1584,-249,433
27,B,1564,-241,404
27,B,1552,-197,382
27,B,1526,-132,371
27,B,1494,-113,384
27,B,1475,-108,396
27,B,1450,-168,395
27,B,1438,-205,394
27,B,1419,-211,380
27,B,1386,-190,392
27,B,1343,-155,396
27,B,1303,-147,378
27,B,1210,-173,302
27,B,1164,-157,251
27,B,1121,-97,205
27,B,1076,-20,155
27,B,1030,57,93
27,B,982,135,-6
27,B,944,177,-53
27,B,978,215,-7
27,B,1024,217,20
27,B,1118,142,132
27,B,1013,59,269
27,B,854,-38,332
27,B,839,-404,-25
27,B,771,-350,12
27,B,708,-228,123
27,B,691,-94,95
27,B,680,9,-32
27,B,693,3,-182
27,B,686,-11,-274
27,B,662,-7,-168
27,B,660,-46,-34
27,B,675,-133,76
27,B,704,-246,130
27,B,709,-355,226
27,B,700,-415,184
27,B,709,-460,203
27,B,721,-484,230
27,B,707,-482,214
27,B,671,-560,160
27,B,639,-771,62
27,B,583,-763,116
27,B,578,-778,122
27,B,541,-753,74
27,B,438,-675,47
27,B,373,-617,-17
27,B,351,-591,-53
27,B,350,-542,-30
27,B,374,-529,30
27,B,403,-553,81
27,B,407,-526,100
27,B,397,-468,100
27,B,388,-242,91
27,B,388,-92,82
27,B,372,15,111
27,B,366,93,112
27,B,359,154,71
27,B,353,196,34
27,B,346,326,-31
27,B,371,419,-25
27,B,402,484,-1
27,B,415,569,18
27,B,425,681,3
27,B,447,771,-32
27,B,527,906,-25
27,B,570,990,-25
27,B,608,1025,-18
27,B,630,1050,-21
27,B,633,1106,-41
27,B,623,1145,-54
27,B,636,1188,-87
27,B,643,1184,-104
27,B,676,1124,-117
27,B,752,1024,-190
27,B,851,916,-268
27,B,928,856,-300
27,B,977,919,-337
27,B,983,1087,-380
27,B,1016,1247,-422
27,B,1054,1389,-416
27,B,1058,1515,-426
27,B,1081,1569,-434
27,B,1065,1339,-430
27,B,1033,1128,-387
27,B,1029,927,-320
27,B,1028,837,-295
27,B,1019,821,-301
27,B,1015,852,-326
27,B,1084,1017,-258
27,B,1075,1016,-197
27,B,1037,727,-94
27,B,1010,240,16
27,B,998,-124,3
27,B,977,-249,-102
27,B,977,498,-120
27,B,1053,695,-64
27,B,1102,772,28
27,B,1101,436,243
27,B,1363,-459,547
27,B,1573,-1307,737
27,B,1661,-1323,579
27,B,1695,-1240,569
27,B,1746,-1062,609
27,B,1769,-921,672
27,B,1715,-892,642
27,B,1463,-903,335
27,B,1319,-897,308
27,B,1193,-831,229
27,B,1102,-715,95
27,B,1042,-644,13
27,B,985,-581,-13
27,B,884,-514,-10
27,B,847,-445,-16
27,B,810,-350,-31
27,B,778,-266,-49
27,B,751,-182,-58
27,B,700,-106,-62
27,B,651,-137,-34
27,B,630,-134,-34
27,B,604,-96,-21
27,B,584,-55,-13
27,B,587,-2,24
27,B,601,98,62
27,B,583,196,131
27,B,564,165,118
27,B,531,192,89
27,B,514,240,92
27,B,503,254,67
27,B,499,242,28
27,B,512,198,-8
27,B,525,207,7
27,B,580,263,112
27,B,658,427,202
27,B,712,588,245
27,B,769,676,275
27,B,597,827,121
27,B,621,739,-73
27,B,544,693,-22
27,B,651,533,-188
27,B,706,531,-182
27,B,836,521,102
27,B,842,1053,310
27,B,927,1302,225
27,B,1009,1458,132
27,B,1007,1415,0
27,B,926,1228,99
27,B,842,941,237
27,B,911,334,186
27,B,989,161,130
27,B,1022,189,172
27,B,1045,315,186
27,B,1081,631,174
27,B,1162,993,210
27,B,1166,1278,214
27,B,1182,1095,217
27,B,1139,793,220
27,B,1111,414,261
27,B,1127,2,318
27,B,1267,121,312
27,B,1302,533,396
27,B,1314,743,465
27,B,1297,792,482
27,B,1223,819,448
27,B,1096,757,393
27,B,1024,110,485
27,B,1076,-133,502
27,B,1183,-151,481
27,B,1326,35,634
27,B,1416,221,893
27,B,1399,225,1039
27,B,1242,-441,947
27,B,1178,-751,740
27,B,1145,-820,565
27,B,1094,-615,495
27,B,1052,-292,491
27,B,1021,-79,515
27,B,994,230,519
27,B,944,150,564
27,B,957,-315,660
27,B,1055,-760,677
27,B,1113,-859,599
27,B,1107,-767,584
27,B,1017,-369,561
