=~=~=~=~=~=~=~=~=~=~=~= MobaXterm log 2021.09.08 07:55:32 =~=~=~=~=~=~=~=~=~=~=~=
>Please insert the letter you are going to draw: 
>Acquisition of [M] letter 
1,M,988,107,194
1,M,1028,158,215
1,M,1066,190,242
1,M,1111,232,253
1,M,1176,200,267
1,M,1264,149,314
1,M,1324,135,390
1,M,1305,194,372
1,M,1287,197,301
1,M,1286,184,251
1,M,1314,158,249
1,M,1354,137,251
1,M,1407,140,224
1,M,1557,82,145
1,M,1623,22,163
1,M,1686,-7,204
1,M,1750,-24,257
1,M,1800,-30,316
1,M,1818,-2,367
1,M,1789,29,401
1,M,1743,59,351
1,M,1682,51,272
1,M,1616,29,189
1,M,1562,5,136
1,M,1535,-41,142
1,M,1454,-116,283
1,M,1450,-181,356
1,M,1507,-214,441
1,M,1522,-169,518
1,M,1507,-112,533
1,M,1449,-46,459
1,M,1294,95,276
1,M,1249,98,262
1,M,1205,100,241
1,M,1122,120,166
1,M,1043,40,119
1,M,1010,-181,78
1,M,982,-598,223
1,M,941,-525,350
1,M,924,-315,407
1,M,846,-95,269
1,M,734,56,116
1,M,660,156,-6
1,M,599,241,-93
1,M,526,228,-8
1,M,448,153,97
1,M,396,40,228
1,M,370,-130,326
1,M,315,-509,340
1,M,258,-521,245
1,M,185,-395,123
1,M,105,-242,22
1,M,29,-149,-42
1,M,-27,-92,-98
1,M,-85,-22,-190
1,M,-71,-29,-216
1,M,-68,-103,-215
1,M,-57,-193,-202
1,M,-69,-248,-171
1,M,-81,-212,-148
1,M,-121,-76,-222
1,M,-110,-54,-286
1,M,-90,-47,-339
1,M,-63,-14,-346
1,M,-3,20,-313

1,M,86,8,-256

1,M,262,-8,-174
1,M,320,12,-175
1,M,391,49,-187
1,M,452,78,-212
1,M,497,92,-222
1,M,533,89,-232
1,M,583,60,-232
1,M,616,168,-184
1,M,651,326,-129
1,M,706,419,-118
1,M,782,380,-162
1,M,829,283,-198
1,M,819,270,-214
1,M,803,309,-175
1,M,814,290,-113
1,M,860,271,-31
1,M,927,263,12
1,M,1014,220,16
1,M,1143,61,-12
1,M,1153,79,-10
1,M,1143,143,26
1,M,1131,185,83
1,M,1119,256,123
1,M,1179,313,112
1,M,1235,457,29
1,M,1326,387,207
1,M,1497,337,256
1,M,1547,498,192
1,M,1559,559,256
1,M,1484,464,341
1,M,1508,429,213
1,M,1570,406,162
1,M,1624,416,176
1,M,1630,428,221
1,M,1626,431,268
1,M,1693,404,231
1,M,1724,431,221
1,M,1756,454,174
1,M,1808,420,44
1,M,1863,309,-121
1,M,1883,189,-232
1,M,1783,101,164
1,M,1730,62,312
1,M,1712,39,337
1,M,1699,57,289
1,M,1689,74,206
1,M,1675,83,115
1,M,1643,37,-4
1,M,1625,28,-7
1,M,1593,9,18
1,M,1542,-14,22
1,M,1479,-32,-6
1,M,1425,-62,-36
1,M,1380,-139,-52
1,M,1386,-116,-45
1,M,1377,-81,-37
1,M,1356,-39,-39
1,M,1321,30,-36
1,M,1266,89,-52
1,M,1166,157,-62
1,M,1136,67,-55
1,M,1126,-51,-46
1,M,1109,-147,-43
1,M,1062,-152,-59
1,M,1009,-70,-90
1,M,945,228,-160
1,M,913,401,-182
1,M,868,521,-161
1,M,843,520,-92
1,M,841,298,-3
1,M,896,-450,186
1,M,855,-326,247
1,M,802,56,173

1,M,789,145,87

1,M,684,266,15

1,M,582,387,-78
1,M,409,578,-226
1,M,353,601,-219
1,M,341,539,-160
1,M,345,454,-73
1,M,322,437,-16
1,M,265,455,-3
1,M,161,376,-12
1,M,146,272,-7
1,M,159,200,1
1,M,148,180,-3
1,M,110,153,-35
1,M,85,132,-74
1,M,78,161,-134
1,M,77,179,-139
1,M,75,191,-130
1,M,72,188,-131
1,M,68,160,-139
1,M,81,135,-129
1,M,128,113,-107
1,M,58,121,-141
1,M,178,45,-152
1,M,160,58,-102
1,M,187,13,-181
1,M,242,-41,-172
1,M,324,95,53

1,M,340,255,120
1,M,363,351,127
1,M,417,381,63
1,M,461,336,-82
1,M,461,249,-211
1,M,468,48,-60

1,M,493,4,-11

1,M,529,92,-35

1,M,595,250,-78
1,M,673,359,-75
1,M,762,325,-20
1,M,859,162,0

1,M,827,114,-14
1,M,814,44,-8

1,M,829,20,43

1,M,861,86,154
1,M,967,398,339
1,M,1045,452,279
1,M,1079,423,198
1,M,1128,334,100
1,M,1223,179,191
1,M,1310,-5,426
1,M,1415,-99,672
1,M,1505,-27,642
1,M,1523,120,586
1,M,1449,197,514
1,M,1372,174,374
1,M,1319,123,193
1,M,1204,35,127
1,M,1230,7,403
1,M,1487,-190,488
1,M,1418,-13,511
1,M,1443,202,543
>Please insert the letter you are going to draw: 
>Acquisition of [M] letter 
2,M,965,108,217
2,M,965,109,214
2,M,978,105,216
2,M,1023,160,224
2,M,1060,155,234
2,M,1126,114,255
2,M,1217,80,294
2,M,1310,32,330
2,M,1395,12,342
2,M,1498,16,326
2,M,1520,17,298
2,M,1541,26,287
2,M,1557,34,294
2,M,1562,38,300
2,M,1561,39,305
2,M,1616,-9,360
2,M,1617,-18,384
2,M,1572,-22,359
2,M,1522,-36,283
2,M,1484,-68,209
2,M,1445,-142,137
2,M,1442,-217,137
2,M,1450,-213,202
2,M,1439,-183,224
2,M,1408,-176,216
2,M,1374,-188,176
2,M,1367,-251,137
2,M,1348,-372,107
2,M,1340,-372,124
2,M,1343,-318,188
2,M,1352,-260,265
2,M,1361,-177,309
2,M,1342,-122,281
2,M,1278,-72,243
2,M,1228,-53,190
2,M,1186,-86,151
2,M,1151,-151,112
2,M,1108,-154,77
2,M,1034,-62,64
2,M,1006,-7,136
2,M,1046,-2,199
2,M,988,72,225
2,M,935,131,188
2,M,959,152,48
2,M,884,126,18
2,M,819,-35,45
2,M,778,-91,0
2,M,724,-80,-77
2,M,674,-54,-129
2,M,641,0,-174

2,M,590,148,-223
2,M,567,238,-172
2,M,565,325,-111
2,M,557,400,-55
2,M,508,465,-13
2,M,433,511,-15
2,M,330,335,-49
2,M,303,40,-79
2,M,256,-182,-123
2,M,203,-224,-144
2,M,152,-131,-136
2,M,130,-4,-132

2,M,144,125,-151
2,M,162,138,-133
2,M,177,109,-96
2,M,183,84,-88
2,M,168,34,-125
2,M,157,-23,-183
2,M,147,37,-245
2,M,153,121,-257
2,M,164,198,-243
2,M,178,260,-215
2,M,206,254,-168
2,M,255,131,-117
2,M,340,-86,-23
2,M,372,-157,-20
2,M,411,-207,-31
2,M,450,-232,-12
2,M,486,-236,6

2,M,517,-108,10
2,M,496,126,-3
2,M,466,299,-61
2,M,460,344,-183
2,M,482,274,-309
2,M,528,138,-381
2,M,646,-50,-259
2,M,717,-10,-75
2,M,777,-15,69
2,M,812,21,104
2,M,814,148,66
2,M,806,241,-30
2,M,786,265,-203
2,M,811,119,-281
2,M,861,-7,-297
2,M,869,14,-252
2,M,868,71,-190
2,M,927,108,-119
2,M,1090,307,-70
2,M,1137,394,-74
2,M,1146,444,-98
2,M,1160,415,-154
2,M,1347,305,-122
2,M,1384,342,-102
2,M,1408,330,-82
2,M,1449,339,11
2,M,1483,378,96
2,M,1547,422,128
2,M,1606,422,128
2,M,1626,489,55
2,M,1745,551,-327
2,M,1770,495,-338
2,M,1734,378,-178
2,M,1715,273,-91
2,M,1716,246,-93
2,M,1727,200,-104
2,M,1828,112,186
2,M,1942,221,364
2,M,1996,351,411
2,M,1996,483,385
2,M,1996,475,421
2,M,1996,259,262
2,M,1992,131,-23
2,M,1919,-23,-193
2,M,1849,-47,-214
2,M,1791,18,-233
2,M,1725,137,-200
2,M,1595,302,-5

2,M,1548,297,7

2,M,1509,279,-55
2,M,1466,258,-144
2,M,1427,224,-184
2,M,1412,146,-118
2,M,1342,56,26

2,M,1262,54,27

2,M,1179,117,-40
2,M,1102,206,-123
2,M,1032,270,-170
2,M,961,238,-151
2,M,842,4,-96

2,M,838,-116,-82
2,M,849,-168,-62
2,M,874,-117,6

2,M,895,57,115

2,M,866,298,138
2,M,711,304,103
2,M,694,36,34

2,M,657,-169,-53
2,M,605,-204,-140
2,M,544,-104,-222
2,M,492,31,-270

2,M,440,214,-282
2,M,443,221,-262
2,M,460,46,-188
2,M,511,-135,-117
2,M,524,-116,-89
2,M,497,51,-72

2,M,500,320,-92
2,M,486,311,-86
2,M,448,256,-68
2,M,418,211,-85
2,M,406,197,-107
2,M,395,205,-110
2,M,380,242,-61
2,M,381,266,-84
2,M,382,264,-114
2,M,376,274,-123
2,M,380,272,-116
2,M,384,181,-187
2,M,375,129,-229
2,M,371,106,-260
2,M,369,124,-279
2,M,376,127,-284
2,M,380,101,-286
2,M,371,103,-267
2,M,389,109,-248
2,M,417,128,-224
2,M,441,156,-195
2,M,470,148,-181
2,M,487,78,-190
2,M,485,-44,-187
2,M,477,-3,-186
2,M,479,80,-172
2,M,474,181,-123
2,M,485,275,-43
2,M,535,298,18
2,M,617,142,130
2,M,625,28,91

2,M,625,-67,-8
2,M,628,-78,-79
2,M,617,-13,-101
2,M,603,102,-52
2,M,610,271,106
2,M,655,351,60
2,M,733,472,-49
2,M,775,409,-113
2,M,934,156,-45
2,M,1006,12,-23
2,M,910,45,101
2,M,862,65,247
2,M,851,149,322
>Please insert the letter you are going to draw: 
>Acquisition of [M] letter 
3,M,1123,23,200
3,M,1183,29,181
3,M,1233,21,150
3,M,1456,77,177
3,M,1601,125,253
3,M,1707,159,326
3,M,1786,158,397
3,M,1827,125,435
3,M,1842,108,402
3,M,1811,129,304
3,M,1758,129,255
3,M,1718,123,177
3,M,1704,107,116
3,M,1700,52,118
3,M,1683,-56,159
3,M,1627,-267,215
3,M,1622,-295,224
3,M,1641,-317,246
3,M,1644,-322,252
3,M,1610,-304,198
3,M,1527,-287,79
3,M,1480,-305,103
3,M,1437,-297,149
3,M,1375,-279,115
3,M,1282,-262,30
3,M,1249,-286,-47
3,M,1269,-233,54
3,M,1270,-175,103
3,M,1253,-200,127
3,M,1252,-263,161
3,M,1246,-252,222
3,M,1188,-139,258
3,M,1042,-31,44

3,M,981,-166,-5

3,M,949,-357,-36
3,M,911,-411,-88
3,M,849,-312,-92
3,M,784,-161,-48
3,M,718,37,49

3,M,703,84,81

3,M,643,145,98

3,M,551,190,92

3,M,466,153,64

3,M,427,-10,17

3,M,400,-505,88
3,M,386,-543,166
3,M,365,-377,181
3,M,290,-106,153
3,M,228,51,104

3,M,189,94,45

3,M,73,195,-124
3,M,-2,196,-177
3,M,-38,155,-235
3,M,-39,130,-304
3,M,-15,152,-312
3,M,-11,162,-333
3,M,-16,100,-308
3,M,-14,52,-316
3,M,-20,-1,-354
3,M,-29,-73,-377
3,M,-45,-125,-405
3,M,-67,-124,-478
3,M,-17,-134,-435
3,M,45,-132,-328
3,M,94,-104,-188
3,M,131,-138,-27
3,M,175,-229,81
3,M,226,19,108
3,M,254,183,74
3,M,303,219,-2
3,M,348,164,-50
3,M,369,75,-51
3,M,368,89,-57
3,M,429,132,-123
3,M,501,60,-66

3,M,591,-142,45
3,M,695,-265,146
3,M,794,-168,152
3,M,836,21,105

3,M,816,341,52

3,M,843,342,53

3,M,927,148,61

3,M,1024,-16,86
3,M,1092,-1,90
3,M,1148,34,81
3,M,1241,-60,144
3,M,1255,-7,221
3,M,1270,62,253
3,M,1287,60,285
3,M,1437,43,376
3,M,1309,301,401
3,M,1467,79,489
3,M,1447,-96,698
3,M,1401,-150,685
3,M,1381,-203,545
3,M,1355,-237,423
3,M,1295,-211,450
3,M,1337,-126,396
3,M,1494,-103,191
3,M,1733,-99,44

3,M,1890,-20,162
3,M,1954,145,391
3,M,1979,535,491
3,M,1896,634,398
3,M,1838,510,310
3,M,1829,354,225
3,M,1876,239,143
3,M,1845,172,115
3,M,1824,-93,102
3,M,1831,-160,36
3,M,1900,-112,-98
3,M,1989,64,-280
3,M,1996,278,-363
3,M,1996,417,-337
3,M,1993,349,-15
3,M,1962,187,-25
3,M,1935,58,-122
3,M,1890,-43,-152
3,M,1781,-167,-19
3,M,1650,-243,38
3,M,1472,-273,-171
3,M,1403,-321,-304
3,M,1348,-415,-413
3,M,1367,-588,-477
3,M,1395,-665,-420
3,M,1389,-535,-199
3,M,1353,-90,209

3,M,1109,140,356

3,M,1011,86,207

3,M,1117,-167,39

3,M,928,-262,386

3,M,662,-239,522

3,M,793,-67,76


3,M,741,-87,102

3,M,774,-146,87

3,M,744,-111,32

3,M,662,-41,41

3,M,515,322,-151

3,M,445,442,-317

3,M,375,508,-444

3,M,310,389,-470

3,M,295,225,-381

3,M,275,224,-191

3,M,182,599,104

3,M,169,739,111

3,M,136,740,39

3,M,76,617,-15

3,M,4,435,-67

3,M,-71,293,-146

3,M,-119,174,-318
3,M,-111,143,-323
3,M,-111,99,-300
3,M,-120,54,-286
3,M,-144,17,-286
3,M,-173,-20,-289
3,M,-155,-64,-288
3,M,-137,-2,-271
3,M,-143,87,-269
3,M,-151,139,-269
3,M,-150,134,-251
3,M,-123,107,-191
3,M,-61,94,25
1
3,M,-6,88,114
1
3,M,71,101,159

3,M,144,129,166

3,M,172,114,97

3,M,149,17,-15

3,M,243,-67,-191
3,M,343,-69,-157
3,M,419,8,-100

3,M,473,77,-90

3,M,546,108,-101
3,M,719,83,-78

3,M,817,-8,-85

3,M,937,-133,-28
3,M,999,-125,26
3,M,1054,-99,105
3,M,1111,-90,176
3,M,1140,14,115
3,M,1161,46,111
3,M,1281,-84,104
3,M,1261,-142,70
3,M,1172,-171,168
3,M,1257,-320,406
3,M,1721,-520,1493
3,M,1850,-34,678

3,M,1712,314,0


3,M,1875,-147,-521
3,M,1800,-545,-620
3,M,1451,-338,25

3,M,1597,-84,462

3,M,1750,52,631

3,M,1828,120,848

3,M,1907,144,1034
3,M,1939,147,1080
3,M,1903,160,942
3,M,1733,98,521
3,M,1625,17,411
3,M,1562,-27,344
3,M,1522,-36,311
>Please insert the letter you are going to draw: 
>Acquisition of [M] letter 
4,M,1004,69,215
4,M,1025,52,209
4,M,1076,40,180
4,M,1114,48,167
4,M,1165,49,142
4,M,1209,41,128
4,M,1267,30,143
4,M,1349,2,173
4,M,1537,-82,137
4,M,1653,-102,116
4,M,1764,-119,129
4,M,1867,-111,184
4,M,1953,-75,270
4,M,1992,-19,324
4,M,1973,-7,276
4,M,1939,-53,188
4,M,1886,-64,101
4,M,1828,-77,35
4,M,1783,-141,-10
4,M,1751,-242,-36
4,M,1701,-382,63
4,M,1689,-413,127
4,M,1695,-444,197
4,M,1719,-445,310
4,M,1745,-376,445
4,M,1698,-276,522
4,M,1455,-170,439
4,M,1357,-160,350
4,M,1260,-162,298
4,M,1179,-157,326
4,M,1106,-154,351
4,M,1022,-121,307
4,M,883,11,175

4,M,843,114,131

4,M,780,199,91

4,M,729,217,24

4,M,677,186,-66

4,M,609,182,-122
4,M,469,113,-212
4,M,424,-1,-280
4,M,375,-51,-352
4,M,326,-57,-391
4,M,311,-58,-344
4,M,349,109,-147
4,M,305,145,-81
4,M,281,112,-6
4,M,295,94,57
4,M,299,111,93
4,M,285,84,106
4,M,212,6,70

4,M,174,-26,0
4,M,136,-76,-112
4,M,95,-168,-208
4,M,75,-240,-197
4,M,63,-282,-127
4,M,107,-214,-17
4,M,146,-86,1

4,M,140,42,-12

4,M,100,108,-62
4,M,87,134,-108
4,M,99,83,-133
4,M,71,-88,-160
4,M,81,-78,-115
4,M,121,-140,-12
4,M,201,-263,114
4,M,282,-231,238
4,M,327,-150,271
4,M,363,-92,146
4,M,374,-56,13
4,M,351,-14,-108
4,M,323,-34,-246
4,M,313,-35,-354
4,M,337,-42,-374
4,M,408,-65,-174
4,M,484,-5,-111
4,M,595,22,-108
4,M,676,49,-104
4,M,727,103,-124
4,M,763,210,-333
4,M,757,371,-456
4,M,827,361,-475
4,M,892,296,-396
4,M,941,214,-289
4,M,974,261,-189
4,M,1101,430,-155
4,M,1198,361,-154
4,M,1265,333,-124
4,M,1284,340,-149
4,M,1303,317,-195
4,M,1353,207,-157
4,M,1520,208,-25
4,M,1796,237,30
4,M,1700,404,-8
4,M,1608,352,19
4,M,1608,160,138
4,M,1630,138,209
4,M,1726,475,122
4,M,1755,476,119
4,M,1778,405,113
4,M,1834,339,132
4,M,1948,262,197
4,M,1996,205,323
4,M,1982,239,470
4,M,1970,246,311
4,M,1979,185,92
4,M,1990,148,-108
4,M,1968,71,-121
4,M,1880,76,-50
4,M,1772,44,262
4,M,1792,6,372
4,M,1833,32,385
4,M,1835,89,344
4,M,1844,128,281
4,M,1828,131,257
4,M,1705,62,177
4,M,1660,-26,141
4,M,1618,-122,96
4,M,1561,-130,29
4,M,1519,-70,-21
4,M,1482,5,-48

4,M,1321,126,-98
4,M,1226,76,-126
4,M,1200,-55,-121
4,M,1229,-159,24
4,M,1236,-103,197
4,M,1092,75,247

4,M,1058,144,137
4,M,1030,166,14
4,M,974,55,-65
4,M,893,-59,-87
4,M,807,-82,-94
4,M,694,0,-132
4,M,672,70,-115
4,M,658,188,-73
4,M,660,240,0

4,M,671,155,95
4,M,705,1,207
4,M,615,197,194
4,M,545,312,93
4,M,471,418,-33
4,M,443,460,-191
4,M,417,490,-327
4,M,371,478,-356
4,M,289,153,-224
4,M,244,193,-127
4,M,255,392,-93
4,M,307,547,-141
4,M,308,580,-201
4,M,284,544,-263
4,M,209,365,-302
4,M,170,256,-283
4,M,181,128,-201
4,M,211,77,-102
4,M,235,192,-19
4,M,226,386,4

4,M,221,397,-72
4,M,196,314,-118
4,M,183,218,-166
4,M,189,159,-199
4,M,226,164,-207
4,M,266,220,-189
4,M,316,347,-34
4,M,330,333,50
4,M,337,292,91
4,M,340,279,95
4,M,327,263,91
4,M,379,92,89
4,M,441,-23,44
4,M,474,-133,-10
4,M,462,-223,-21
4,M,431,-213,-17
4,M,397,-63,-50
4,M,357,272,-153
4,M,338,351,-206
4,M,349,276,-284
4,M,395,120,-296
4,M,467,-49,-240
4,M,561,-266,-149
4,M,630,-325,31

4,M,638,-202,-8

4,M,682,-56,-52

4,M,752,134,-68

4,M,786,234,-136
4,M,812,234,-233
4,M,908,80,-332
4,M,929,7,-281
4,M,1044,-8,-38
4,M,1115,14,95
4,M,1057,70,252
4,M,1101,-4,309
4,M,1194,90,145
4,M,1311,62,176
4,M,1438,-132,320
4,M,1498,-347,454
4,M,1529,-496,569
4,M,1512,-487,631
4,M,1511,-158,411
4,M,1517,145,247
4,M,1700,187,108
4,M,1889,129,247
>Please insert the letter you are going to draw: 
>Acquisition of [M] letter 
5,M,1121,124,108
5,M,1180,147,74
5,M,1374,83,35
5,M,1474,84,45
5,M,1599,33,76
5,M,1743,-19,151
5,M,1857,-59,238
5,M,1933,-66,317
5,M,1996,42,288
5,M,1996,135,264
5,M,1996,238,217
5,M,1992,270,160
5,M,1960,217,113
5,M,1804,37,71

5,M,1736,-97,109
5,M,1683,-228,144
5,M,1647,-317,191
5,M,1682,-361,303
5,M,1700,-294,474
5,M,1559,4,438

5,M,1458,0,253

5,M,1395,-68,64

5,M,1359,-114,-58
5,M,1305,-100,-12
5,M,1255,-68,-15
5,M,1097,-38,-42
5,M,991,-156,-22
5,M,905,-411,46
5,M,865,-550,64
5,M,864,-587,25
5,M,914,-529,42
5,M,867,-145,93
5,M,830,23,111
5,M,791,163,90
5,M,718,251,50
5,M,619,293,21
5,M,504,288,-32
5,M,321,20,-145
5,M,283,-141,-240
5,M,263,-206,-255
5,M,256,-201,-182
5,M,282,-181,-50
5,M,292,-176,62
5,M,247,-98,97
5,M,221,-30,89
5,M,181,30,69
5,M,137,-23,57
5,M,124,-139,43
5,M,122,-173,11
5,M,94,-48,-46
5,M,97,21,-50
5,M,112,41,-55
5,M,116,20,-76
5,M,79,10,-115
5,M,13,52,-182
5,M,17,-116,-234
5,M,41,-251,-202
5,M,63,-237,-67
5,M,101,-160,99
5,M,173,-69,255
5,M,237,138,378
5,M,234,300,328
5,M,223,202,179
5,M,224,42,5

5,M,243,-126,-141
5,M,266,-177,-238
5,M,283,-308,-187
5,M,302,-330,-113
5,M,356,-233,-83
5,M,447,-166,-124
5,M,559,-170,-137
5,M,664,-138,-166
5,M,732,-9,-348

5,M,778,-73,-320
5,M,815,-51,-199
5,M,840,106,-119
5,M,891,264,-50
5,M,947,370,-24
5,M,1022,361,-178
5,M,1025,278,-256
5,M,1032,141,-324
5,M,1035,93,-351
5,M,1152,112,-316
5,M,1105,305,-219
5,M,1491,488,188
5,M,1481,634,526
5,M,1476,704,590
5,M,1527,573,574
5,M,1673,263,691
5,M,1719,232,725
5,M,1734,213,296
5,M,1892,-119,234
5,M,1914,-246,338
5,M,1962,-157,425
5,M,1995,10,481

5,M,1996,181,508
5,M,1924,303,381
5,M,1921,204,241
5,M,1933,114,128
5,M,1952,-72,110
5,M,1980,-213,140
5,M,1963,-225,241
5,M,1896,-112,36
5,M,1878,-97,-134
5,M,1828,-83,-286
5,M,1797,-87,-358
5,M,1775,-68,-334
5,M,1751,-68,-232
5,M,1674,-76,-12
5,M,1658,-174,15
5,M,1684,-353,69
5,M,1672,-413,147
5,M,1636,-371,173
5,M,1544,-331,61
5,M,1476,-196,-23
5,M,1411,-142,-168
5,M,1352,-193,-307
5,M,1294,-245,-392
5,M,1235,-272,-433
5,M,1084,-235,-195
5,M,1027,-152,-43
5,M,978,-30,-12

5,M,952,94,-31

5,M,922,118,-50

5,M,889,6,-61


5,M,886,-181,27

5,M,872,-24,58

5,M,869,77,132

5,M,865,125,246

5,M,836,105,256

5,M,772,10,172

5,M,656,-91,-89

5,M,616,45,-189

5,M,575,251,-269
5,M,571,351,-290
5,M,569,450,-249
5,M,566,487,-175
5,M,578,342,55

5,M,610,191,162
5,M,602,147,227
5,M,539,199,218
5,M,482,298,155
5,M,426,481,92
5,M,317,749,-67
5,M,255,718,-116
5,M,254,564,-175
5,M,272,335,-194
5,M,254,175,-160
5,M,224,61,-109
5,M,248,84,14

5,M,282,136,63
5,M,272,114,90
5,M,244,84,80
5,M,216,106,13
5,M,201,147,-88
5,M,222,125,-152
5,M,226,109,-110
5,M,228,121,-70
5,M,240,156,-32
5,M,258,157,-31
5,M,274,27,-33
5,M,274,-130,4
5,M,244,-35,15
5,M,228,94,-22
5,M,237,188,-72
5,M,243,205,-116
5,M,283,146,-186
5,M,323,43,-229
5,M,372,-93,-217
5,M,457,-124,-134
5,M,525,28,-16

5,M,558,259,85

5,M,630,328,3

5,M,664,242,-148
5,M,650,152,-341
5,M,637,35,-463
5,M,667,-95,-469
5,M,715,-166,-366
5,M,881,85,19
6
5,M,1106,82,102

5,M,1059,278,190
5,M,1042,349,41
5,M,1028,296,-106
5,M,1018,142,-119
5,M,1031,-134,366
5,M,1002,-90,738
5,M,1063,60,724
5,M,1215,150,630
5,M,1339,118,506
5,M,1378,-9,326
5,M,1307,-196,298
5,M,1308,-314,392
5,M,1372,-405,450
5,M,1404,-365,471
5,M,1362,-179,464
5,M,1499,-60,449
5,M,1830,210,744
5,M,1897,369,1083
5,M,1935,519,1210
5,M,1909,663,1060
>Please insert the letter you are going to draw: 
>Acquisition of [M] letter 
6,M,1311,187,112
6,M,1441,212,99
6,M,1581,186,147
6,M,1715,87,170
6,M,1970,-83,223
6,M,1996,-218,316
6,M,1996,-283,399
6,M,1996,-232,392
6,M,1996,-124,350
6,M,1996,-53,307
6,M,1907,-162,170
6,M,1795,-207,32
6,M,1665,-231,-69
6,M,1601,-233,-124
6,M,1560,-187,-81
6,M,1628,-163,-34
6,M,1995,-164,337
6,M,1996,-92,491
6,M,1985,-114,545
6,M,1893,-306,449
6,M,1764,-497,317
6,M,1613,-548,194
6,M,1329,-626,104
6,M,1202,-723,122
6,M,1079,-663,179
6,M,978,-519,268
6,M,955,-367,401
6,M,934,-139,499
6,M,639,272,355
6,M,451,254,307
6,M,293,171,294
6,M,171,13,240
6,M,78,-208,166
6,M,-16,-291,91
6,M,-222,-52,-66
6,M,-287,13,-131
6,M,-323,40,-193
6,M,-334,103,-251
6,M,-339,175,-269
6,M,-360,238,-316
6,M,-404,325,-340
6,M,-348,132,-329
6,M,-250,-42,-271
6,M,-141,-122,-167
6,M,-74,-150,-60

6,M,-38,-133,9


6,M,-63,-62,-31

6,M,-101,-101,-65
6,M,-104,-231,-82
6,M,-42,-337,-92
6,M,9,-407,-32

6,M,34,-429,209
6,M,15,-432,292
6,M,-25,-509,329
6,M,-49,-602,331
6,M,-34,-643,288
6,M,9,-647,201

6,M,165,-474,130
6,M,233,-176,180
6,M,195,-64,150
6,M,189,46,71

6,M,258,144,-3
6,M,356,178,-62
6,M,627,83,-50
6,M,823,0,69

6,M,992,-53,113
6,M,1113,-108,88
6,M,1200,-72,149
6,M,1188,212,258
6,M,930,662,106
6,M,907,739,-183
6,M,1024,754,-436
6,M,1183,729,-493
6,M,1277,787,-402
6,M,1324,823,-241
6,M,1490,703,78

6,M,1638,707,191
6,M,1780,754,285
6,M,1867,775,311
6,M,1788,778,233
6,M,1907,342,-36
6,M,1981,419,-294
6,M,1950,537,-238
6,M,1996,386,63

6,M,1996,298,516
6,M,1996,244,788
6,M,1996,552,772
6,M,1996,635,693
6,M,1996,474,579
6,M,1996,233,455
6,M,1996,151,356
6,M,1996,-8,272
6,M,1989,-443,344
6,M,1945,-496,367
6,M,1957,-437,287
6,M,1964,-299,214
6,M,1947,-176,227
6,M,1941,-16,200
6,M,1932,121,17
6,M,1897,110,85
6,M,1820,33,233
6,M,1773,-76,304
6,M,1713,-152,257
6,M,1607,-170,86
6,M,1266,-113,61
6,M,1152,-54,-38
6,M,1093,39,-174
6,M,1016,50,-184
6,M,931,-115,-60
6,M,929,-293,190
6,M,1045,136,361
6,M,988,443,333
6,M,906,609,255
6,M,845,547,214
6,M,797,255,204
6,M,706,23,216
6,M,414,96,243
6,M,291,262,229
6,M,256,393,171
6,M,286,395,83
6,M,285,362,68
6,M,169,305,158
6,M,143,275,181
6,M,118,379,156
6,M,55,483,39

6,M,-7,463,-98
6,M,-49,349,-203
6,M,-80,80,-261
6,M,-105,19,-256
6,M,-115,64,-231
6,M,-110,172,-210
6,M,-84,228,-183
6,M,-76,232,-141
6,M,-99,240,-188
6,M,-85,191,-252
6,M,-115,164,-309
6,M,-116,117,-355
6,M,-70,52,-353

6,M,-22,-6,-339

6,M,-24,-63,-165
6,M,-35,-26,-74
6,M,-36,1,5
4
6,M,-21,-20,74
6,M,39,-25,116
6,M,115,70,163
6,M,201,207,197
6,M,281,110,181
6,M,343,-12,187
6,M,391,-60,233
6,M,445,-11,312
6,M,473,60,346
6,M,634,89,313
6,M,775,109,311
6,M,868,208,320
6,M,982,261,406
6,M,1006,377,428
6,M,886,354,-24
6,M,935,20,-204
6,M,1066,-26,-117
6,M,1169,51,89

6,M,1152,167,209
6,M,1133,215,299
6,M,1205,159,338
6,M,1385,53,539
6,M,1522,111,762
6,M,1609,253,790
6,M,1804,139,483
6,M,1755,176,72
6,M,1861,14,-132
6,M,1964,136,4

6,M,1860,408,409
6,M,1824,408,612
6,M,1807,371,597
6,M,1770,339,543
6,M,1773,200,458
6,M,1704,179,406
6,M,1659,111,384
6,M,1629,86,335
6,M,1583,74,289
6,M,1560,98,287
6,M,1508,226,374
6,M,1489,254,408
6,M,1452,309,394
6,M,1450,347,413
6,M,1468,315,457
6,M,1525,264,502
6,M,1390,262,414
6,M,1397,203,430
6,M,1349,163,511
6,M,1264,161,519
6,M,1179,131,392
6,M,1130,71,233
6,M,1087,38,179
6,M,1068,105,243
6,M,1047,130,291
6,M,1033,155,315
6,M,1039,184,355
6,M,1058,281,435
6,M,1046,314,407
6,M,1019,286,386
>Please insert the letter you are going to draw: 
>Acquisition of [M] letter 
7,M,1017,51,153
7,M,1017,66,140
7,M,1011,74,133
7,M,1002,77,134
7,M,1011,44,167
7,M,1014,8,178
7,M,1006,-14,168
7,M,1005,-30,154
7,M,1011,-49,158
7,M,1017,-75,167
7,M,1001,-102,159
7,M,991,-66,145

7,M,987,-13,130

7,M,983,29,118

7,M,980,45,104

7,M,981,23,91

7,M,1037,-103,82
7,M,1091,-86,71
7,M,1161,-36,58
7,M,1258,-9,38
7,M,1384,-1,27
7,M,1523,-63,35
7,M,1798,-217,95
7,M,1944,-306,169
7,M,1996,-356,254
7,M,1996,-325,318
7,M,1996,-235,355
7,M,1996,-160,344
7,M,1996,84,163

7,M,1966,197,33

7,M,1897,178,-36
7,M,1815,145,-90
7,M,1734,102,-150
7,M,1683,15,-184
7,M,1545,-53,-102
7,M,1522,-127,-43
7,M,1558,-195,140
7,M,1579,-107,337
7,M,1516,16,404

7,M,1430,-10,430
7,M,1199,-5,375
7,M,1107,-19,302
7,M,977,-53,220
7,M,847,-65,150
7,M,712,-49,85
7,M,586,-76,32
7,M,452,-67,5
7,M,419,-41,45
7,M,358,-54,65
7,M,264,-83,58
7,M,200,-75,26
7,M,114,23,-90
7,M,54,15,-36
7,M,13,-38,-28
7,M,-12,-88,-92
7,M,-47,-109,-143
7,M,-85,-101,-155
7,M,-180,-104,-172
7,M,-195,-170,-195
7,M,-197,-222,-226
7,M,-190,-217,-254
7,M,-180,-228,-260
7,M,-158,-285,-249
7,M,-98,-218,-120
7,M,-81,-233,-102
7,M,-60,-230,-83
7,M,-38,-193,-109
7,M,-14,-157,-204
7,M,30,-112,-235
7,M,163,-174,-63
7,M,222,-137,11
7,M,264,-77,25
7,M,296,-80,0
7,M,332,-136,-32
7,M,375,-139,-49
7,M,453,3,-72

7,M,504,55,-110
7,M,575,125,-183
7,M,657,166,-163
7,M,778,150,-34
7,M,917,221,60
7,M,1086,419,147
7,M,1150,340,90
7,M,1248,209,32
7,M,1375,143,5
7,M,1473,138,-25
7,M,1527,204,-29
7,M,1637,408,-40
7,M,1819,403,-12
7,M,1673,458,75
7,M,1666,435,205
7,M,1838,366,320
7,M,1996,340,97
7,M,1996,465,-250
7,M,1996,-51,19

7,M,1996,-356,151
7,M,1996,-253,187
7,M,1996,-69,323
7,M,1996,97,770
7,M,1996,131,859
7,M,1996,95,766
7,M,1996,13,572
7,M,1996,-70,399
7,M,1969,-109,311
7,M,1791,-200,156
7,M,1698,-282,136
7,M,1697,-272,158
7,M,1779,-153,123
7,M,1659,81,137

7,M,1459,227,171
7,M,1317,10,-123
7,M,1241,-93,-159
7,M,1221,-210,-150
7,M,1203,-249,-112
7,M,1168,-206,14

7,M,1085,-202,227
7,M,937,-243,502
7,M,887,-86,490
7,M,839,141,442
7,M,784,288,378
7,M,711,376,305
7,M,605,409,245
7,M,413,346,69
7,M,340,289,19
7,M,252,206,-14
7,M,163,113,-68
7,M,88,63,-162
7,M,18,99,-239
7,M,-5,310,-327
7,M,2,304,-311
7,M,1,273,-289
7,M,2,215,-293
7,M,15,132,-254
7,M,44,92,-214
7,M,35,144,-232
7,M,19,124,-247
7,M,19,80,-272
7,M,34,39,-300
7,M,49,5,-311
7,M,146,50,-272
7,M,211,170,-199
7,M,240,279,-157
7,M,264,323,-149
7,M,310,332,-171
7,M,339,325,-202
7,M,387,307,-165
7,M,452,264,-127
7,M,517,235,-116
7,M,550,228,-59
7,M,591,261,-20
7,M,649,310,-29
7,M,678,283,-84
7,M,680,246,-69
7,M,705,252,-24
7,M,745,237,41
7,M,777,250,100
7,M,809,297,138
7,M,926,161,118
7,M,1103,-117,152
7,M,1023,-181,143
7,M,1075,-173,74
7,M,1095,-75,-56
7,M,1031,76,22

7,M,967,180,130
7,M,945,191,153
7,M,931,145,206
7,M,980,95,236
7,M,1076,49,164
7,M,1144,-45,158
7,M,1134,-209,282
7,M,1184,-270,309
7,M,1236,-279,353
7,M,1237,-201,425
7,M,1216,-116,494
7,M,1280,-81,593
7,M,1367,191,666
7,M,1359,370,523
7,M,1505,425,367
7,M,1588,405,431
7,M,1636,303,580
7,M,1627,312,807
7,M,1648,324,600
7,M,1675,365,286
7,M,1641,308,38
7,M,1560,201,-67
7,M,1471,140,-95
7,M,1433,114,-107
7,M,1439,155,-83
7,M,1427,170,-20
7,M,1402,159,70
7,M,1402,136,178
7,M,1405,135,266
7,M,1359,147,322
7,M,1308,153,296
7,M,1247,155,237
7,M,1192,145,184
7,M,1155,123,169
7,M,1123,86,172
7,M,1076,84,196
7,M,1060,93,208
>Please insert the letter you are going to draw: 
>Acquisition of [M] letter 
8,M,995,165,137
8,M,1067,137,101
8,M,1127,115,111
8,M,1208,46,161
8,M,1308,-8,198
8,M,1373,-16,188
8,M,1433,-20,129
8,M,1670,69,-13
8,M,1797,92,33
8,M,1907,61,147
8,M,1989,16,246
8,M,1996,-55,323
8,M,1996,-95,350
8,M,1996,-4,373
8,M,1996,98,405
8,M,1996,170,411
8,M,1996,176,380
8,M,1996,171,379
8,M,1996,67,370
8,M,1957,-263,259
8,M,1813,-359,183
8,M,1720,-425,45
8,M,1657,-416,-69
8,M,1575,-352,-104
8,M,1500,-253,-38
8,M,1439,-186,129
8,M,1453,-248,297
8,M,1483,-140,612
8,M,1366,14,807

8,M,1201,-3,838

8,M,1036,-149,793
8,M,720,-344,482
8,M,611,-415,361
8,M,503,-392,310
8,M,389,-339,283
8,M,296,-285,253
8,M,151,-103,135
8,M,55,-55,90

8,M,-41,-32,53

8,M,-127,-37,14
8,M,-190,-54,-27
8,M,-217,-51,-65
8,M,-252,-46,-172
8,M,-283,8,-222

8,M,-317,62,-274
8,M,-344,106,-314
8,M,-364,118,-361
8,M,-365,49,-417
8,M,-342,-74,-475
8,M,-330,11,-450
8,M,-317,88,-418
8,M,-288,125,-361
8,M,-242,96,-312
8,M,-198,34,-295
8,M,-178,-152,-259
8,M,-141,-272,-214
8,M,-58,-315,-127
8,M,17,-251,-3

8,M,73,-196,113

8,M,152,-175,200
8,M,303,93,189

8,M,293,184,63

8,M,273,159,-125
8,M,289,49,-406
8,M,305,-50,-567
8,M,346,-112,-555
8,M,443,98,-271

8,M,538,207,-127
8,M,678,291,-35
8,M,797,429,-7
8,M,865,502,-47
8,M,923,432,-130
8,M,973,560,-170
8,M,1007,660,-71
8,M,1028,667,42
8,M,1102,559,144
8,M,1178,451,209
8,M,1220,421,208
8,M,1295,308,211
8,M,1338,200,215
8,M,1341,106,211
8,M,1349,14,194
8,M,1358,82,176
8,M,1220,374,98
8,M,1282,361,230
8,M,1697,279,449
8,M,1826,427,158
8,M,1953,417,290
8,M,1942,250,615
8,M,1996,-331,616
8,M,1996,-444,594
8,M,1996,-250,636
8,M,1996,71,688

8,M,1996,264,670
8,M,1996,176,480
8,M,1996,282,-37
8,M,1996,88,143
8,M,1996,-99,525
8,M,1996,-115,788
8,M,1996,-104,913
8,M,1996,-128,914
8,M,1996,-105,556
8,M,1996,-101,295
8,M,1996,-58,66

8,M,1994,-40,-9

8,M,1992,-44,-45
8,M,1836,98,-17
8,M,1732,50,-350
8,M,1659,-113,-216
8,M,1487,-233,198
8,M,1330,-273,500
8,M,1268,-263,538
8,M,1195,-249,564
8,M,855,-182,834
8,M,756,-96,809
8,M,701,36,676
8,M,599,72,550
8,M,499,-100,391
8,M,482,-380,361
8,M,547,-619,739
8,M,466,-448,835
8,M,369,-196,757
8,M,293,39,530

8,M,240,168,199
8,M,177,128,-34
8,M,29,-9,-143
8,M,19,-11,-262
8,M,16,7,-346

8,M,14,29,-332
8,M,49,64,-248
8,M,108,221,-205
8,M,100,249,-271
8,M,80,197,-337
8,M,56,120,-432
8,M,32,20,-487
8,M,16,-57,-481
8,M,36,-36,-327
8,M,52,33,-277
8,M,53,91,-274
8,M,40,57,-304
8,M,22,-12,-308
8,M,4,-105,-307
8,M,9,-46,-361
8,M,49,49,-305
8,M,100,97,-226
8,M,147,103,-154
8,M,181,52,-74

8,M,206,-51,11

8,M,265,-87,130
8,M,317,-119,144
8,M,335,-100,137
8,M,310,71,130

8,M,303,194,72

8,M,282,242,7

8,M,172,479,-273
8,M,285,310,-355
8,M,471,71,-249
8,M,637,-159,-50
8,M,727,-134,186
8,M,681,212,321
8,M,609,953,56
8,M,617,874,-180
8,M,750,324,-256
8,M,792,12,-231
8,M,867,-43,-105
8,M,924,-9,93

8,M,1013,660,325
8,M,1009,849,207
8,M,1034,730,121
8,M,1187,381,-35
8,M,1079,308,-95
8,M,1097,144,123
8,M,1314,-5,906
8,M,1387,185,1181
8,M,1361,322,888
8,M,1586,32,457
8,M,1561,-198,460
8,M,1508,-271,433
8,M,1585,-73,458
8,M,1638,216,688
8,M,1652,486,866
8,M,1636,648,919
8,M,1607,695,899
8,M,1694,447,872
8,M,1681,240,817
8,M,1591,243,723
8,M,1533,272,633
8,M,1515,260,595
8,M,1526,248,625
8,M,1416,215,623
8,M,1414,150,608
8,M,1409,156,583
8,M,1383,225,551
8,M,1372,253,513
8,M,1367,286,506
8,M,1343,223,560
8,M,1324,181,546
8,M,1278,151,511
8,M,1213,111,467
8,M,1150,89,434
>Please insert the letter you are going to draw: 
>Acquisition of [M] letter 
9,M,1475,131,179
9,M,1581,201,208
9,M,1674,263,241
9,M,1736,262,249
9,M,1785,244,259
9,M,1913,78,285
9,M,1964,-47,305
9,M,1992,-167,278
9,M,1996,-264,231
9,M,1996,-335,223
9,M,1986,-346,291
9,M,1965,-283,354
9,M,1928,-201,403
9,M,1866,-145,392
9,M,1782,-131,329
9,M,1708,-168,238
9,M,1553,-237,49
9,M,1782,-375,-120
9,M,1837,-278,-203
9,M,1621,-196,-3

9,M,1490,-259,245
9,M,1430,-359,255
9,M,1310,-261,-81
9,M,1277,-314,-48
9,M,1187,-280,137
9,M,1121,-130,364
9,M,1002,61,462

9,M,886,11,422

9,M,732,4,279

9,M,653,122,167

9,M,577,227,120

9,M,477,276,122

9,M,381,221,75

9,M,301,116,-20

9,M,149,-179,-162
9,M,128,-458,-90
9,M,133,-485,59
9,M,114,-247,170
9,M,98,-36,197

9,M,95,97,182

9,M,22,221,20

9,M,-41,153,-110
9,M,-109,78,-276
9,M,-161,1,-415
9,M,-172,-159,-458
9,M,-132,-251,-398
9,M,57,-156,-203

9,M,144,-74,-64

9,M,203,-35,31

9,M,237,1,55


9,M,236,19,8


9,M,148,117,-102

9,M,134,105,-140

9,M,177,92,-159

9,M,208,84,-84

9,M,177,20,0


9,M,190,-63,7

9,M,222,-58,-12

9,M,202,-100,-37

9,M,175,-60,-118

9,M,161,54,-223

9,M,172,153,-234

9,M,176,149,-223

9,M,355,98,-36


9,M,442,-87,69


9,M,542,-244,150

9,M,608,-218,225

9,M,625,-18,212

9,M,655,158,72

9,M,703,46,-206

9,M,705,-11,-285

9,M,717,-90,-286

9,M,747,-230,-203
9,M,806,-254,-36
9,M,873,-103,100
9,M,1100,39,66

9,M,1170,-20,14
9,M,1190,-95,-20
9,M,1210,-131,-108
9,M,1228,-36,-178
9,M,1281,54,-191
9,M,1397,483,-110
9,M,1479,614,19

9,M,1701,548,127
9,M,1973,449,290
9,M,1830,646,316
9,M,1778,536,520
9,M,1759,466,385
9,M,1717,508,243
9,M,1658,566,134
9,M,1689,544,137
9,M,1702,490,176
9,M,1798,250,345
9,M,1898,74,389
9,M,1989,25,416
9,M,1985,24,338
9,M,1946,-72,186
9,M,1930,-138,114
9,M,1865,-216,68
9,M,1767,-226,67
9,M,1659,-181,88
9,M,1599,-218,143
9,M,1588,-296,174
9,M,1621,-310,160
9,M,1719,-332,344
9,M,1833,-273,123
9,M,1953,-191,-219
9,M,1983,-187,-453
9,M,1988,-56,-468
9,M,1901,117,-171
9,M,1650,315,4

9,M,1566,252,-122
9,M,1444,67,-55

9,M,1253,-93,46

9,M,1096,-45,-6

9,M,1034,22,-86

9,M,993,57,-3


9,M,1015,87,133

9,M,1060,188,333
9,M,1021,252,457
9,M,975,170,498
9,M,821,150,289
9,M,778,162,125
9,M,719,149,18
9,M,682,165,-37
9,M,660,281,-46
9,M,637,275,-49
9,M,596,24,-69
9,M,587,4,-52
9,M,585,72,62
9,M,540,190,111
9,M,453,246,67
9,M,341,233,13
9,M,251,419,-93
9,M,250,454,-10
9,M,236,481,70
9,M,227,349,83
9,M,230,192,73
9,M,203,170,46
9,M,130,63,-95
9,M,112,68,-193
9,M,95,227,-233
9,M,93,335,-237
9,M,123,299,-217
9,M,132,223,-214
9,M,54,64,-230

9,M,47,35,-200

9,M,37,7,-184

9,M,42,22,-165

9,M,78,31,-151

9,M,124,68,-97

9,M,194,58,80

9,M,228,13,174

9,M,229,-6,232

9,M,218,-28,265
9,M,237,-11,251
9,M,294,-5,185
9,M,320,-27,52
9,M,327,-146,-6
9,M,342,-262,-41
9,M,358,-294,-62
9,M,375,-200,-71
9,M,543,65,-54

9,M,635,230,-3

9,M,694,309,36

9,M,654,409,19

9,M,589,443,-129
9,M,609,164,-420
9,M,970,-456,-369
9,M,1181,-418,-49
9,M,1217,-141,239
9,M,1190,183,344
9,M,1171,325,158
9,M,1233,223,-119
9,M,1221,128,-480
9,M,1332,93,-271
9,M,1302,195,90
9,M,1226,324,262
9,M,1310,211,339
9,M,1493,-117,555
9,M,1529,-68,754
9,M,1615,-126,533
9,M,1671,-241,282
9,M,1666,-213,78
9,M,1598,-60,126
9,M,1524,92,307
9,M,1568,290,454
9,M,1638,149,650
9,M,1708,-37,913
9,M,1763,-124,959
9,M,1774,-80,952
9,M,1753,-3,837
9,M,1596,-28,530
9,M,1515,-57,389
9,M,1462,-66,300
9,M,1450,-99,274
9,M,1443,-102,334
9,M,1437,-48,458
9,M,1451,126,743
9,M,1422,174,742
>Please insert the letter you are going to draw: 
>Acquisition of [M] letter 
10,M,1166,-8,237
10,M,1198,0,181
10,M,1271,-20,142
10,M,1377,-110,143
10,M,1629,-302,263
10,M,1733,-335,318
10,M,1771,-322,426
10,M,1795,-211,455
10,M,1849,-81,394
10,M,1881,-2,407
10,M,1961,-144,401
10,M,1989,-210,376
10,M,1993,-265,321
10,M,1976,-270,217
10,M,1968,-218,157
10,M,1939,-178,232
10,M,1917,-214,458
10,M,1848,-241,518
10,M,1796,-196,464
10,M,1735,-183,391
10,M,1674,-190,320
10,M,1590,-190,239
10,M,1376,-202,133
10,M,1277,-233,80
10,M,1161,-284,34
10,M,1077,-302,14
10,M,972,-264,38
10,M,892,-139,29
10,M,793,120,57
10,M,785,136,231
10,M,793,202,493
10,M,732,300,617
10,M,580,277,525
10,M,187,-134,258
10,M,-14,-226,53
10,M,-169,-229,-166
10,M,-259,-181,-373
10,M,-304,-149,-507
10,M,-284,-130,-476
10,M,-192,79,-202

10,M,-175,97,-94

10,M,-165,80,-55

10,M,-174,50,-66

10,M,-180,8,-111

10,M,-142,-25,-155
10,M,-73,-39,-70

10,M,-40,-28,19

10,M,-31,-11,69

10,M,-30,5,34


10,M,-12,38,-28

10,M,2,61,-13


10,M,17,-86,-3

10,M,61,-138,0

10,M,132,-123,56

10,M,197,-61,155

10,M,168,36,218

10,M,-26,211,195

10,M,445,-271,33

10,M,369,-140,-61
10,M,285,86,-159
10,M,311,218,-242
10,M,385,168,-194
10,M,505,32,-129
10,M,702,175,-15
10,M,759,321,-47
10,M,825,264,-107
10,M,884,74,-119
10,M,922,-173,-114
10,M,970,-147,-99
10,M,1114,172,27
10,M,1173,294,-10
10,M,1286,241,-145
10,M,1426,33,-237
10,M,1534,-121,-200
10,M,1546,-211,-22
10,M,1612,-186,-28
10,M,1563,-93,-90
10,M,1651,-61,-101
10,M,1927,-109,-144
10,M,1996,19,-150

10,M,1996,170,145

10,M,1996,97,190

10,M,1996,14,176

10,M,1996,-17,231

10,M,1996,-54,326

10,M,1996,2,354


10,M,1996,-212,248
10,M,1996,-381,317
10,M,1967,-333,262
10,M,1946,-203,162
10,M,1940,-76,94

10,M,1876,-53,71

10,M,1684,-300,215
10,M,1605,-379,248
10,M,1631,-377,253
10,M,1703,-329,190
10,M,1715,-257,129
10,M,1684,-239,55
10,M,1781,-405,-287
10,M,1723,-514,-263
10,M,1618,-496,-206
10,M,1538,-442,-249
10,M,1434,-356,-163
10,M,1269,-241,-44
10,M,1184,-288,-152
10,M,1178,-392,-165
10,M,1156,-441,-40
10,M,1108,-360,41
10,M,1102,-247,45
10,M,1071,-100,-2
10,M,871,22,22

10,M,768,-23,96

10,M,683,134,66

10,M,643,347,-77
10,M,647,466,-163
10,M,633,488,-205
10,M,616,269,-199
10,M,599,77,-151
10,M,581,-111,-63
10,M,568,-179,90
10,M,510,-9,180
10,M,384,209,118
10,M,333,162,61
10,M,266,119,44
10,M,176,140,45
10,M,127,115,5
10,M,120,34,-15
10,M,115,-123,-32
10,M,97,-182,28

10,M,65,-162,106
10,M,22,-64,105
10,M,6,-18,45

10,M,37,-53,-23
10,M,84,-55,-73
10,M,121,23,-65
10,M,152,78,-71
10,M,159,97,-71
10,M,160,124,-58
10,M,157,150,-74
10,M,146,125,-205
10,M,148,32,-236
10,M,128,-11,-238
10,M,129,-67,-232
10,M,188,-91,-211
10,M,277,-68,-208
10,M,400,-74,-106
10,M,394,-76,-33
10,M,408,-79,12
10,M,449,-49,5
10,M,493,5,-2
10,M,554,115,-49
10,M,739,184,-190
10,M,871,94,-208
10,M,860,74,-275
10,M,818,45,-274
10,M,827,5,-251
10,M,813,69,-208
10,M,754,373,-146
10,M,758,371,-164
10,M,818,227,-333
10,M,898,33,-476
10,M,965,-149,-446
10,M,1107,-356,96
10,M,1090,-185,177
10,M,1026,-102,157
10,M,1012,-46,158
10,M,1020,10,264
10,M,1006,196,431
10,M,872,629,-67
10,M,1184,502,-505
10,M,1503,133,-445
10,M,1460,-141,237
10,M,1521,-268,722
10,M,1800,-266,996
10,M,1994,227,1033
10,M,1931,495,809
10,M,1857,663,502
10,M,1748,692,315
10,M,1645,596,276
10,M,1647,421,334
10,M,1549,245,316
10,M,1565,162,222
10,M,1596,107,284
10,M,1629,82,408
10,M,1629,107,500
10,M,1606,152,472
10,M,1497,213,255
10,M,1463,230,163
10,M,1408,253,152
10,M,1343,306,151
10,M,1273,301,213
10,M,1248,219,300
10,M,1302,82,517
10,M,1324,149,574
10,M,1303,213,517
10,M,1265,239,464
10,M,1228,243,431
10,M,1174,237,377
10,M,1125,231,258
10,M,1102,129,234
>Please insert the letter you are going to draw: 
>Acquisition of [M] letter 
11,M,1046,259,262
11,M,1054,312,260
11,M,1064,353,257
11,M,1075,351,252
11,M,1089,210,266
11,M,1145,92,283
11,M,1210,25,293
11,M,1267,15,298
11,M,1343,20,317
11,M,1436,-13,325
11,M,1644,-32,308
11,M,1728,27,309
11,M,1811,51,318
11,M,1904,32,349
11,M,1981,4,407
11,M,1996,16,441
11,M,1996,54,388
11,M,1996,144,310
11,M,1996,268,257
11,M,1996,345,279
11,M,1996,275,323
11,M,1864,-205,321
11,M,1744,-477,287
11,M,1647,-691,262
11,M,1568,-748,266
11,M,1479,-675,267
11,M,1379,-544,233
11,M,1303,-215,9

11,M,1257,-122,-64
11,M,1126,-106,-127
11,M,1029,-201,-168
11,M,943,-331,-167
11,M,807,-380,-32
11,M,723,-292,145
11,M,687,-165,183
11,M,639,-47,174
11,M,592,63,149
11,M,527,173,125
11,M,440,252,107
11,M,254,203,49
11,M,149,81,35
11,M,63,-42,0
11,M,5,-150,-82
11,M,-24,-202,-170
11,M,-65,-160,-218
11,M,-134,25,-88

11,M,-109,24,-12

11,M,-84,1,45


11,M,-74,-13,96

11,M,-76,-48,142

11,M,-121,-66,67

11,M,-186,-22,-68
11,M,-244,39,-137
11,M,-290,-21,-214
11,M,-296,-157,-253
11,M,-259,-266,-248
11,M,-76,-96,-7
8
11,M,2,96,107

8
11,M,53,303,226
8
11,M,141,543,340

11,M,252,592,383

11,M,327,337,349

11,M,397,-153,126

11,M,370,-208,-19

11,M,351,-247,-87

11,M,398,-205,-122
11,M,507,-86,-154
11,M,615,103,-192
11,M,818,327,-198
11,M,915,209,-127
11,M,1020,139,-27
11,M,1131,218,17
11,M,1175,358,19
11,M,1228,349,-39
11,M,1497,282,-159
11,M,1601,132,-158
11,M,1740,-111,-67
11,M,1630,-109,-2
11,M,1705,-60,-115
11,M,1814,90,-213
11,M,1973,460,-31
11,M,1996,480,-1
11,M,1976,501,104
11,M,1994,261,-40
11,M,1996,2,-167
11,M,1996,-148,-204
11,M,1996,-332,478
11,M,1996,-334,733
11,M,1995,-323,910
11,M,1981,-312,887
11,M,1992,-343,689
11,M,1908,-469,378
11,M,1820,-419,295
11,M,1736,-255,200
11,M,1661,-92,101
11,M,1613,-73,52
11,M,1579,-194,11
11,M,1560,-100,-114
11,M,1598,-185,-115
11,M,1551,-220,-104
11,M,1482,-216,-69
11,M,1418,-249,-30
11,M,1360,-277,-11
11,M,1284,-219,54
11,M,1255,-157,102
11,M,1205,-92,76

11,M,1149,-124,24
11,M,1087,-263,6
11,M,1026,-386,-41
11,M,840,-218,-135
11,M,771,-60,-151
11,M,733,53,-191
11,M,706,87,-237
11,M,681,44,-258
11,M,638,63,-248
11,M,578,172,-97
11,M,551,121,-46
11,M,511,124,-25
11,M,462,258,-36
11,M,431,361,-78
11,M,420,364,-123
11,M,339,382,-117
11,M,285,325,-119
11,M,273,211,-125
11,M,281,139,-92
11,M,283,151,-57
11,M,252,240,-1
11,M,241,259,0
11,M,222,240,-32
11,M,190,202,-78
11,M,152,139,-126
11,M,122,74,-160
11,M,139,-16,-210
11,M,180,-45,-208
11,M,213,-33,-179
11,M,232,7,-134

11,M,252,76,-94

11,M,269,125,-83
11,M,310,197,-48
11,M,294,300,-35
11,M,266,331,-14
11,M,280,225,-37
11,M,322,40,-85
11,M,353,-72,-126
11,M,350,-238,-190
11,M,374,-298,-146
11,M,432,-302,-53
11,M,508,-156,51
11,M,583,86,135
11,M,682,280,189
11,M,816,437,-14
11,M,817,380,-56
11,M,788,262,-77
11,M,733,143,-126
11,M,721,36,-189
11,M,763,-47,-162
11,M,1007,-30,59
11,M,1161,108,164
11,M,1259,174,108
11,M,1233,243,54
11,M,1187,236,-132
11,M,1100,182,-213
11,M,1173,-118,85
11,M,1279,140,241
11,M,1347,334,132
11,M,1444,161,-92
11,M,1492,-95,-112
11,M,1490,-317,269
11,M,1554,-360,382
11,M,1616,-311,394
11,M,1619,-209,340
11,M,1614,-125,287
11,M,1631,-43,182
11,M,1631,47,187
11,M,1678,46,220
11,M,1708,104,272
11,M,1743,136,329
11,M,1725,199,375
11,M,1648,247,332
11,M,1463,180,162
11,M,1388,104,109
11,M,1322,60,74

11,M,1268,35,47

11,M,1219,57,7

11,M,1187,66,-14
11,M,1172,22,158
11,M,1175,23,221
11,M,1162,46,223
11,M,1143,74,183
11,M,1133,63,155
11,M,1132,16,169
11,M,1103,-39,192
11,M,1078,-31,168
11,M,1056,-26,123
11,M,1037,-26,94
11,M,1021,-28,85
11,M,1006,-35,76
11,M,980,-71,116
11,M,985,-67,137
11,M,989,-54,138
>Please insert the letter you are going to draw: 
>Acquisition of [M] letter 
12,M,958,-141,198
12,M,960,-128,208
12,M,987,-121,219
12,M,1022,-141,212
12,M,1072,-178,216
12,M,1145,-216,235
12,M,1221,-219,252
12,M,1276,-203,269
12,M,1377,-175,243
12,M,1446,-200,232
12,M,1534,-243,212
12,M,1625,-253,181
12,M,1700,-267,161
12,M,1779,-286,182
12,M,1875,-364,338
12,M,1847,-408,338
12,M,1817,-481,278
12,M,1801,-538,214
12,M,1786,-582,161
12,M,1786,-584,111
12,M,1720,-397,7

12,M,1703,-358,-31
12,M,1662,-323,-26
12,M,1644,-337,53
12,M,1646,-353,138
12,M,1647,-447,353
12,M,1615,-475,409
12,M,1512,-488,369
12,M,1444,-467,269
12,M,1416,-480,168
12,M,1329,-454,148
12,M,1146,-382,132
12,M,1044,-292,128
12,M,951,-150,43

12,M,892,-41,-51

12,M,839,14,-124

12,M,801,11,-174

12,M,747,46,-92

12,M,744,58,-54

12,M,785,66,27

12,M,809,130,111

12,M,776,164,185

12,M,704,132,219

12,M,488,111,57

12,M,365,117,-82

12,M,275,57,-209

12,M,220,-63,-326
12,M,174,-115,-357
12,M,152,-120,-303
12,M,199,-73,-70

12,M,240,-74,26

12,M,258,-74,96

12,M,260,-48,142

12,M,235,14,128

12,M,170,7,45


12,M,97,-37,-74

12,M,94,-22,-83

12,M,109,-18,-67

12,M,112,0,-55


12,M,102,33,-68

12,M,72,76,-114

12,M,41,61,-185

12,M,51,-3,-193

12,M,66,-58,-166

12,M,86,-102,-132
12,M,79,-93,-97

12,M,42,-30,-106
12,M,89,19,-188
12,M,134,-28,-149
12,M,199,-82,-73
12,M,236,-153,25
12,M,256,-190,112
12,M,301,-154,16
12,M,392,75,-2

12,M,464,77,32

12,M,545,-11,77
12,M,571,-38,65
12,M,565,-90,50
12,M,677,-6,68
12,M,775,78,91
12,M,841,205,107
12,M,857,242,88
12,M,883,106,46
12,M,938,-91,-49
12,M,1087,-233,-65
12,M,1168,11,41

12,M,1221,138,71

12,M,1268,206,38

12,M,1250,305,-47
12,M,1219,354,-107
12,M,1507,194,-176
12,M,1594,188,9

12,M,1678,154,176
12,M,1716,15,273
12,M,1770,-279,366
12,M,1812,-395,397
12,M,1794,-95,279
12,M,1773,13,248
12,M,1799,12,225
12,M,1742,63,271
12,M,1733,56,150
12,M,1697,95,81
12,M,1728,37,99
12,M,1746,32,105
12,M,1774,-55,158
12,M,1782,-162,222
12,M,1773,-209,204
12,M,1731,-190,160
12,M,1686,-145,200
12,M,1695,-170,234
12,M,1750,-185,214
12,M,1676,-121,199
12,M,1653,-179,133
12,M,1632,-273,97
12,M,1619,-301,74
12,M,1619,-274,6
12,M,1605,-263,-77
12,M,1580,-260,-109
12,M,1551,-298,-63
12,M,1600,-346,56
12,M,1688,-257,279
12,M,1678,-233,331
12,M,1626,-277,385
12,M,1546,-301,375
12,M,1471,-232,264
12,M,1406,-125,136
12,M,1271,99,-10

12,M,1201,162,-85
12,M,1160,180,-175
12,M,1183,171,-182
12,M,1231,193,-125
12,M,1253,116,-6

12,M,1198,-100,127
12,M,1129,-7,80

12,M,1040,101,-16
12,M,920,231,-96
12,M,802,288,-145
12,M,617,238,-223
12,M,556,270,-206
12,M,530,236,-183
12,M,578,32,-81

12,M,644,-157,65
12,M,654,-129,208
12,M,615,178,328
12,M,602,263,263
12,M,497,347,166
12,M,390,368,79
12,M,320,334,-37
12,M,254,298,-115
12,M,159,230,-110
12,M,153,177,-106
12,M,159,104,-34
12,M,192,152,68
12,M,247,253,102
12,M,269,309,96
12,M,218,335,55
12,M,188,236,-34
12,M,157,119,-106
12,M,123,96,-153
12,M,107,80,-170
12,M,113,69,-174
12,M,177,-2,-113
12,M,195,3,-68

12,M,208,0,-61

12,M,224,14,-20
12,M,239,60,12
12,M,263,63,17
12,M,319,42,45
12,M,331,103,50
12,M,329,156,30
12,M,323,148,-5
12,M,337,105,-87
12,M,351,-30,-186
12,M,315,-147,-246
12,M,351,-66,-209
12,M,407,32,-160
12,M,472,149,-85
12,M,564,260,-7
12,M,598,343,-10
12,M,577,159,-224
12,M,613,-31,-301
12,M,631,-143,-370
12,M,641,-139,-381
12,M,691,-50,-315
12,M,809,60,-155
12,M,916,549,-6
12,M,876,614,-49
12,M,952,421,-83
12,M,1023,144,-156
12,M,1109,-23,-74
12,M,1131,-15,-42
12,M,1086,134,-64
12,M,1108,44,8

12,M,1268,-63,227
12,M,1372,146,380
12,M,1477,164,407
12,M,1552,-157,-43
12,M,1408,-322,6

12,M,1302,-439,152
12,M,1305,-375,257
>Please insert the letter you are going to draw: 
>Acquisition of [M] letter 
13,M,982,-71,236

13,M,963,-89,238

13,M,950,-90,211

13,M,954,-74,190

13,M,978,-47,205

13,M,1021,-26,245
13,M,1053,15,269
13,M,1106,-3,195
13,M,1192,-57,182
13,M,1312,-94,238
13,M,1441,-93,311
13,M,1560,-163,322
13,M,1673,-225,261
13,M,1857,-236,143
13,M,1942,-251,163
13,M,1991,-299,170
13,M,1996,-431,151
13,M,1996,-600,112
13,M,1996,-535,88
13,M,1996,-312,109
13,M,1996,-222,71
13,M,1996,-177,64
13,M,1996,-167,119
13,M,1995,-175,179
13,M,1932,-212,190
13,M,1702,-325,-3
13,M,1609,-399,-71
13,M,1548,-505,-6
13,M,1512,-581,101
13,M,1402,-544,129
13,M,1301,-611,70
13,M,1133,-542,35
13,M,1071,-456,-51
13,M,1016,-357,-124
13,M,940,-236,-174
13,M,876,-208,-91
13,M,854,-217,145
13,M,899,-5,312

13,M,846,167,377
13,M,711,193,353
13,M,551,126,273
13,M,421,67,127
13,M,326,-75,43
13,M,292,-78,85
13,M,250,-28,127
13,M,215,58,149
13,M,189,151,132
13,M,158,220,92
13,M,43,185,189
13,M,-3,122,157
13,M,-61,98,78
13,M,-109,87,-3
13,M,-104,36,-40
13,M,-58,-18,-32
13,M,1,-18,29

13,M,12,-55,49

13,M,24,-62,39

13,M,9,-47,4


13,M,-26,-83,-39
13,M,-63,-139,-105
13,M,-108,-207,-256
13,M,-119,-193,-277
13,M,-112,-202,-243
13,M,-63,-270,-149
13,M,60,-329,10

13,M,207,-258,140
13,M,382,-255,305
13,M,409,-332,261
13,M,432,-266,144
13,M,404,-20,-90
13,M,347,220,-225
13,M,312,307,-286
13,M,418,259,-246
13,M,528,293,-180
13,M,643,311,-89
13,M,718,310,-37
13,M,761,239,-53
13,M,798,191,-109
13,M,879,407,-178
13,M,912,545,-238
13,M,951,614,-282
13,M,1003,616,-288
13,M,1078,478,-251
13,M,1138,286,-225
13,M,1133,318,-239
13,M,1174,346,-234
13,M,1244,344,-188
13,M,1281,425,-170
13,M,1281,456,-138
13,M,1286,315,-119
13,M,1374,225,-9

13,M,1523,267,0

13,M,1622,284,-19
13,M,1681,132,139
13,M,1665,-6,183
13,M,1690,-55,38
13,M,1738,90,-38
13,M,1763,188,74
13,M,1818,331,182
13,M,1806,443,206
13,M,1798,424,128
13,M,1790,197,-21
13,M,1813,50,-40
13,M,1832,-89,-17
13,M,1874,-65,-41
13,M,1898,29,-31
13,M,1906,101,69
13,M,1907,223,200
13,M,1908,178,159
13,M,1891,76,86

13,M,1839,23,50

13,M,1813,-19,-16
13,M,1800,-88,-69
13,M,1718,-182,-176
13,M,1664,-193,-178
13,M,1640,-205,-174
13,M,1658,-144,-285
13,M,1645,-71,-266
13,M,1620,-69,-197
13,M,1543,-112,-42
13,M,1510,-182,4

13,M,1437,-80,-42
13,M,1354,29,-141
13,M,1274,124,-257
13,M,1168,243,-306
13,M,1042,318,-264
13,M,977,359,-244
13,M,910,323,-170
13,M,970,208,32

13,M,1066,1,112

13,M,992,-126,206
13,M,825,-249,240
13,M,750,-175,143
13,M,662,-59,66

13,M,596,30,-28

13,M,523,87,-92

13,M,434,112,-114
13,M,320,236,-222
13,M,296,341,-232
13,M,282,430,-185
13,M,313,433,-109
13,M,357,375,-67
13,M,336,273,-80
13,M,264,-143,-159
13,M,258,-200,-162
13,M,254,-70,-155
13,M,263,127,-109
13,M,280,260,-49
13,M,288,321,-25
13,M,235,416,37
13,M,226,425,62
13,M,223,386,18
13,M,222,351,-47
13,M,222,192,-100
13,M,202,130,-198
13,M,167,210,-206
13,M,157,106,-185
13,M,156,22,-125
13,M,179,-21,-73
13,M,230,-15,-39
13,M,310,99,118
13,M,352,201,195
13,M,409,274,259
13,M,434,271,256
13,M,443,184,209
13,M,462,64,138
13,M,342,45,-26
13,M,310,100,-127
13,M,355,26,-190
13,M,404,-55,-200
13,M,455,-158,-183
13,M,541,-187,-119
13,M,702,-60,65

13,M,717,171,49

13,M,699,350,-49

13,M,653,395,-175
13,M,610,289,-302
13,M,676,64,-391
13,M,819,8,-298
13,M,842,47,-88
13,M,921,23,35
13,M,985,7,104
13,M,1050,10,170
13,M,1208,-13,332
13,M,1214,143,100
13,M,1165,137,46
13,M,1110,153,8
13,M,1135,19,69
13,M,1168,-73,359
13,M,1188,28,558
13,M,1364,230,307
13,M,1335,219,51
13,M,1281,45,-27
13,M,1268,-89,-65
13,M,1304,-125,44
13,M,1327,-66,214
13,M,1342,24,448
13,M,1319,61,433
13,M,1413,13,447
13,M,1593,-14,574
>Please insert the letter you are going to draw: 
>Acquisition of [M] letter 
14,M,859,-32,-42
14,M,868,-42,-61
14,M,908,-75,-22
14,M,973,-95,-15
14,M,1054,-83,7
14,M,1145,-93,-4
14,M,1443,-92,52
14,M,1598,-140,127
14,M,1695,-234,147
14,M,1780,-261,229
14,M,1942,-289,189
14,M,1996,-388,323
14,M,1996,-360,342
14,M,1996,-319,345
14,M,1996,-283,371
14,M,1996,-244,359
14,M,1996,-245,323
14,M,1970,-292,263
14,M,1857,-279,152
14,M,1729,-281,6

14,M,1632,-252,-114
14,M,1555,-230,-196
14,M,1490,-201,-253
14,M,1504,-54,-180
14,M,1534,-6,-12

14,M,1449,54,308

14,M,1492,167,518
14,M,1485,254,553
14,M,1352,45,562
14,M,1113,-147,378
14,M,993,-157,261
14,M,833,-197,45
14,M,672,-144,-166
14,M,578,-145,-148
14,M,355,-333,-116
14,M,197,-235,-43
14,M,241,135,196
14,M,197,172,340
14,M,73,52,216

14,M,31,23,9


14,M,10,44,-53

14,M,-75,-175,-365
14,M,220,-442,-485
14,M,142,-451,-154
14,M,166,-281,-88
14,M,305,-119,-35
14,M,398,29,120

14,M,387,-12,162
14,M,299,-143,137
14,M,266,-214,53
14,M,203,-253,-26
14,M,123,-243,-93
14,M,88,-190,-192
14,M,49,-153,-246
14,M,50,-167,-187
14,M,57,-92,-164
14,M,76,125,-144
14,M,95,234,-64
14,M,72,44,-51
14,M,58,-261,-119
14,M,96,-238,-106
14,M,117,-178,-110
14,M,160,-57,-102
14,M,231,41,-66

14,M,373,-126,-35
14,M,426,-137,-80
14,M,467,-83,-118
14,M,498,6,-134

14,M,545,25,-132
14,M,604,-81,-112
14,M,828,-270,-57
14,M,989,-238,12
14,M,1078,-128,56
14,M,1086,-25,21
14,M,1135,48,-14
14,M,1378,74,-89
14,M,1508,185,79
14,M,1559,39,108
14,M,1524,50,276
14,M,1589,99,170
14,M,1589,18,117
14,M,1592,29,268
14,M,1789,298,310
14,M,1810,253,328
14,M,1831,178,389
14,M,1881,81,406
14,M,1870,-23,302
14,M,1786,-73,204
14,M,1912,-228,251
14,M,1867,-244,348
14,M,1879,-147,389
14,M,1947,-1,465

14,M,1979,30,611

14,M,1974,-66,705
14,M,1996,-205,561
14,M,1991,-252,412
14,M,1898,-289,288
14,M,1792,-307,223
14,M,1703,-293,227
14,M,1637,-246,256
14,M,1586,106,300
14,M,1547,271,350
14,M,1512,252,349
14,M,1491,148,293
14,M,1446,55,256
14,M,1413,-84,235
14,M,1407,-150,139
14,M,1404,-50,114
14,M,1399,191,176
14,M,1394,466,245
14,M,1348,553,258
14,M,1294,507,307
14,M,1215,188,342
14,M,1166,66,319
14,M,1116,46,250
14,M,1053,71,179
14,M,986,108,137
14,M,917,133,187
14,M,923,86,237
14,M,931,38,261
14,M,905,35,250
14,M,871,53,202
14,M,835,73,209
14,M,641,106,155
14,M,566,124,30
14,M,482,118,-98
14,M,415,117,-161
14,M,370,134,-113
14,M,361,81,-25

14,M,441,23,111

14,M,481,76,159

14,M,440,142,125
14,M,348,157,61
14,M,265,124,-42
14,M,212,143,-130
14,M,158,148,-162
14,M,121,123,-177
14,M,87,121,-219
14,M,68,118,-236
14,M,60,98,-246
14,M,47,68,-264
14,M,-29,8,-332
14,M,-75,-21,-322
14,M,-93,-12,-297
14,M,-78,11,-290
14,M,-62,28,-276
14,M,-67,22,-238
14,M,-4,78,-121
14,M,27,104,-57
14,M,46,141,-32
14,M,94,191,-96
14,M,149,239,-94
14,M,157,218,-120
14,M,272,18,-194
14,M,368,-24,-148
14,M,366,-48,-98
14,M,384,-115,-80
14,M,369,-174,19
14,M,374,-100,-84
14,M,520,-82,-273
14,M,532,-30,-249
14,M,584,137,-142
14,M,692,224,-137
14,M,720,261,-51
14,M,861,179,-243
14,M,925,95,-239
14,M,925,73,-173
14,M,968,180,-64
14,M,1118,267,20
14,M,1246,321,-3
14,M,1295,231,36
14,M,1378,242,24
14,M,1605,263,189
14,M,1720,260,265
14,M,1819,157,245
14,M,1875,27,288
14,M,1776,231,333
14,M,1715,549,180
14,M,1704,633,12
14,M,1619,687,-36
14,M,1455,673,-86
14,M,1345,699,-116
14,M,1416,253,171
14,M,1563,33,208
14,M,1617,-92,155
14,M,1512,-14,167
14,M,1617,21,138
14,M,1632,154,225
14,M,1599,244,238
14,M,1588,338,283
14,M,1548,372,313
14,M,1491,353,279
14,M,1430,323,231
14,M,1373,304,193
14,M,1261,203,150
14,M,1218,231,110
14,M,1231,270,88
14,M,1251,270,100
14,M,1279,262,126
14,M,1301,266,151
>Please insert the letter you are going to draw: 
>Acquisition of [M] letter 
15,M,975,-75,-4

15,M,973,-16,-1

15,M,998,-15,-1

15,M,1113,-56,24
15,M,1179,-63,9
15,M,1264,-78,20
15,M,1377,-103,54
15,M,1495,-124,111
15,M,1571,-121,68
15,M,1650,-96,-28
15,M,1690,-113,-5
15,M,1726,-179,18
15,M,1759,-208,35
15,M,1767,-177,-3
15,M,1779,-181,-55
15,M,1718,-164,-158
15,M,1677,-168,-226
15,M,1678,-194,-330
15,M,1707,-191,-424
15,M,1737,-191,-432
15,M,1728,-208,-376
15,M,1709,-232,-320
15,M,1644,-301,-215
15,M,1585,-384,-83
15,M,1538,-427,20
15,M,1447,-460,107
15,M,1340,-346,138
15,M,1234,116,2

15,M,1326,173,195
15,M,1291,1,506

15,M,1162,-203,661
15,M,1074,-447,710
15,M,971,-553,690
15,M,731,-216,203
15,M,640,-156,-69
15,M,607,-61,-129
15,M,653,-77,-56
15,M,685,-231,-7
15,M,703,-340,18
15,M,656,-153,46
15,M,587,45,66

15,M,536,328,106
15,M,505,408,132
15,M,485,242,181
15,M,345,-143,123
15,M,254,-215,34
15,M,208,-223,-78
15,M,176,-223,-185
15,M,128,-258,-294
15,M,71,-252,-343
15,M,56,174,-159
15,M,106,286,-48
15,M,90,153,10

15,M,3,31,-38

15,M,-71,9,-140
15,M,-107,30,-286
15,M,-81,-3,-489
15,M,-39,-122,-457
15,M,40,-250,-351
15,M,160,-235,-260
15,M,185,-234,-173
15,M,151,-289,-98
15,M,244,-299,33
15,M,293,-238,19
15,M,313,-149,-66
15,M,339,-80,-145
15,M,379,-41,-192
15,M,408,-112,-172
15,M,501,-330,-43
15,M,577,-289,-65
15,M,636,-270,-90
15,M,687,-172,-24
15,M,749,-11,-5

15,M,843,69,-39

15,M,1040,-137,-8
15,M,1096,-214,10
15,M,1088,-273,-42
15,M,1048,-265,-151
15,M,1045,-125,-212
15,M,1026,12,-211

15,M,1025,-60,-255
15,M,1115,-96,-146
15,M,1220,-47,33

15,M,1373,-15,154
15,M,1323,117,279
15,M,1329,197,167
15,M,1368,325,151
15,M,1382,366,100
15,M,1394,326,74
15,M,1448,240,24
15,M,1566,162,32
15,M,1649,58,100
15,M,1703,-42,335
15,M,1771,-1,350
15,M,1777,67,352
15,M,1760,103,269
15,M,1793,140,202
15,M,1803,201,291
15,M,1834,128,261
15,M,1783,79,251
15,M,1695,24,247
15,M,1670,2,213
15,M,1682,-54,157
15,M,1695,-131,167
15,M,1687,-70,139
15,M,1688,-22,100
15,M,1683,14,171
15,M,1689,20,177
15,M,1714,-20,157
15,M,1789,-80,248
15,M,1779,-76,241
15,M,1748,-65,234
15,M,1702,-1,226
15,M,1660,17,130
15,M,1598,-14,15
15,M,1556,-99,-113
15,M,1523,-184,-160
15,M,1423,-204,-210
15,M,1374,-134,-170
15,M,1462,-69,31

15,M,1532,-78,253

15,M,1437,22,339

15,M,1364,138,288

15,M,1299,193,305

15,M,1220,194,326

15,M,1123,208,305

15,M,1038,273,237

15,M,857,360,227

15,M,824,247,179

15,M,831,76,154

15,M,948,-51,152

15,M,1034,-137,247
15,M,976,-166,469
15,M,748,-19,419
15,M,686,139,297
15,M,618,222,120
15,M,535,189,-13
15,M,452,87,-30
15,M,406,7,15

15,M,388,-57,89
15,M,382,-87,68
15,M,369,-10,92
15,M,329,53,50
15,M,299,55,-43
15,M,240,74,-88
15,M,104,45,-124
15,M,62,-1,-232
15,M,21,-25,-323
15,M,-26,-46,-352
15,M,-40,-54,-353
15,M,-24,-105,-367
15,M,-49,-117,-345
15,M,-4,-70,-283

15,M,6,0,-282


15,M,71,-72,-245

15,M,151,-214,-143
15,M,218,-321,-148
15,M,146,-212,-244
15,M,94,-239,-411
15,M,50,-307,-444
15,M,88,-255,-315
15,M,155,-145,-149
15,M,210,-98,-37

15,M,258,-92,-72

15,M,287,-84,-75

15,M,376,-177,-68
15,M,446,-291,-110
15,M,465,-318,-148
15,M,458,-216,-32
15,M,374,-99,-53
15,M,379,-7,-261
15,M,396,90,-426
15,M,437,86,-377
15,M,531,-17,-282
15,M,763,-280,8

15,M,777,-323,4

15,M,771,-262,-108
15,M,767,0,-106

15,M,817,315,-203
15,M,895,510,-386
15,M,1302,534,-246
15,M,1364,531,-129
15,M,1454,447,-140
15,M,1419,453,-111
15,M,1444,331,-112
15,M,1345,364,-137
15,M,1491,246,-403
15,M,1556,275,-289
15,M,1552,364,-246
15,M,1520,465,-202
15,M,1511,576,-80
15,M,1560,634,23
15,M,1518,606,72
15,M,1454,441,52
15,M,1443,321,45
15,M,1456,266,-34
15,M,1464,278,-124
15,M,1472,329,-201
15,M,1397,395,-394
15,M,1388,419,-525
>Please insert the letter you are going to draw: 
>Acquisition of [M] letter 
16,M,1001,32,151

16,M,1005,45,150

16,M,1000,7,121

16,M,997,-50,113

16,M,993,-65,154

16,M,1010,-77,51

16,M,1036,-57,41

16,M,1067,-54,94

16,M,1067,-66,75

16,M,1059,-44,50

16,M,1097,16,83

16,M,1162,56,0

16,M,1241,72,-83

16,M,1325,45,-106
16,M,1403,20,-32
16,M,1459,1,118
16,M,1510,-56,244
16,M,1630,-165,279
16,M,1670,-170,269
16,M,1736,-119,214
16,M,1771,-116,156
16,M,1833,-93,170
16,M,1857,-107,208
16,M,1856,-181,145
16,M,1859,-148,-56
16,M,1814,-105,-231
16,M,1788,-43,-284
16,M,1799,-27,-106
16,M,1796,-127,137
16,M,1758,-135,284
16,M,1711,-201,288
16,M,1652,-209,181
16,M,1590,-129,2

16,M,1543,52,-175
16,M,1474,160,-328
16,M,1328,276,-299
16,M,1308,396,-140
16,M,1288,405,114
16,M,1161,171,273
16,M,1018,112,248
16,M,869,78,99

16,M,594,134,-315
16,M,533,170,-371
16,M,488,77,-294
16,M,443,-58,-120
16,M,370,-153,21
16,M,377,-103,128
16,M,371,179,120
16,M,287,288,-59
16,M,214,335,-139
16,M,166,213,-93
16,M,142,20,-48
16,M,247,-89,43
16,M,278,-108,163
16,M,272,-142,224
16,M,276,-61,195
16,M,301,20,151
16,M,328,13,155
16,M,309,-205,119
16,M,282,-235,140
16,M,283,-295,139
16,M,280,-351,32
16,M,247,-337,-100
16,M,187,-324,-189
16,M,158,-285,-342
16,M,197,-251,-272
16,M,231,-275,-201
16,M,249,-292,-183
16,M,251,-284,-171
16,M,233,-247,-133
16,M,240,-193,-65
16,M,226,-209,2

16,M,213,-224,33
16,M,190,-215,64
16,M,177,-197,156
16,M,199,-193,202
16,M,327,-172,-85
16,M,323,-254,-236
16,M,322,-263,-256
16,M,363,-191,-151
16,M,418,-98,-21

16,M,440,-87,32

16,M,470,-268,-61
16,M,573,-275,-66
16,M,679,-178,-38
16,M,680,-214,-115
16,M,620,-378,-278
16,M,595,-420,-385
16,M,834,1,-96
5
16,M,918,79,34
5
16,M,992,158,47

16,M,1061,322,12

16,M,1116,467,-3

16,M,1147,571,-38
16,M,1191,382,-136
16,M,1325,214,-274
16,M,1404,270,17

16,M,1540,126,270
16,M,1642,136,421
16,M,1666,296,569
16,M,1651,368,498
16,M,1618,434,367
16,M,1663,457,278
16,M,1707,434,225
16,M,1741,341,125
16,M,1782,245,-156
16,M,1966,-124,-147
16,M,1942,-128,143
16,M,1903,-173,409
16,M,1898,-164,499
16,M,1950,-106,513
16,M,1970,60,706

16,M,1935,133,711
16,M,1950,97,535
16,M,1945,33,289
16,M,1896,42,91
16,M,1842,146,64
16,M,1753,164,86
16,M,1717,129,31
16,M,1701,38,84
16,M,1705,-129,169
16,M,1725,-282,146
16,M,1704,-336,85
16,M,1662,-257,125
16,M,1634,-337,139
16,M,1642,-366,111
16,M,1640,-303,134
16,M,1596,-221,142
16,M,1577,-119,50
16,M,1544,352,-41
16,M,1502,586,-56
16,M,1437,707,-152
16,M,1384,765,-246
16,M,1328,725,-228
16,M,1292,604,-96
16,M,1217,305,186
16,M,1098,173,194
16,M,1002,114,211
16,M,954,73,253

16,M,913,104,278
16,M,891,139,206
16,M,793,296,-23
16,M,767,329,-23
16,M,744,396,30
16,M,697,436,54
16,M,627,362,8
16,M,591,268,-48
16,M,394,137,27
16,M,593,-101,134
16,M,558,-114,158
16,M,481,-71,45

16,M,491,-11,-176
16,M,521,50,-245
16,M,264,162,-121
16,M,340,102,-28
16,M,336,51,57

16,M,332,-49,-1
16,M,320,-188,32
16,M,287,-165,63
16,M,287,14,-150
16,M,218,-15,-241
16,M,196,-62,-261
16,M,215,-88,-210
16,M,236,-90,-149
16,M,198,-169,-203
16,M,176,-257,-287
16,M,184,-257,-269
16,M,212,-229,-179
16,M,251,-231,-104
16,M,283,-203,-88
16,M,277,-134,-103
16,M,234,-135,-148
16,M,186,-176,-216
16,M,148,-169,-220
16,M,131,-111,-128
16,M,146,-64,-23

16,M,203,-15,28

16,M,255,16,20

16,M,243,36,-46

16,M,192,5,-121

16,M,132,10,-267

16,M,87,34,-435

16,M,97,14,-542

16,M,239,-111,-406
16,M,416,-348,-165
16,M,564,-534,175
16,M,673,-613,432
16,M,708,-536,481
16,M,638,-124,-92
16,M,682,100,-239
16,M,789,211,-239
16,M,941,192,-36
16,M,1041,177,145
16,M,1118,129,165
16,M,1217,236,96
16,M,1210,345,21
16,M,1189,425,-31
16,M,1218,509,-53
16,M,1435,405,-124
16,M,1452,234,-84
>Please insert the letter you are going to draw: 
>Acquisition of [M] letter 
17,M,1000,-178,99
17,M,997,-154,82
17,M,1029,-125,77
17,M,1161,-65,101
17,M,1211,-53,93
17,M,1276,-23,63
17,M,1370,4,51

17,M,1433,-31,39
17,M,1475,-98,-1
17,M,1650,-172,-60
17,M,1745,-167,-52
17,M,1831,-161,-13
17,M,1907,-181,45
17,M,1975,-190,139
17,M,1996,-220,203
17,M,1987,-298,158
17,M,1904,-278,51
17,M,1814,-193,-109
17,M,1767,-150,-158
17,M,1685,-112,-188
17,M,1628,49,-192

17,M,1693,148,-148
17,M,1780,58,-60

17,M,1747,-130,93
17,M,1721,-263,205
17,M,1743,-323,318
17,M,1768,-146,448
17,M,1559,179,229
17,M,1493,154,106
17,M,1383,68,182
17,M,1209,24,310
17,M,1071,28,423
17,M,950,42,484
17,M,734,0,230
17,M,668,-3,57
17,M,572,-44,11
17,M,492,-39,41
17,M,463,-52,68
17,M,436,-1,78
17,M,541,296,335
17,M,569,221,367
17,M,527,159,309
17,M,461,112,220
17,M,390,99,130
17,M,275,64,-30
17,M,233,-68,-77
17,M,199,-248,-135
17,M,195,-348,-141
17,M,214,-407,-71
17,M,253,-425,49
17,M,296,-513,156
17,M,296,-366,159
17,M,264,-227,101
17,M,193,-183,28
17,M,126,-168,-15
17,M,125,-111,-32
17,M,153,-248,-61
17,M,110,-304,-76
17,M,55,-383,-140
17,M,3,-373,-155
17,M,117,-305,-82
17,M,217,-242,99
17,M,123,-177,-42
17,M,115,-119,-183
17,M,121,-46,-173
17,M,82,-95,-77

17,M,50,-111,61

17,M,102,-52,163
17,M,230,-70,159
17,M,269,-155,113
17,M,315,-124,74
17,M,361,28,-36
17,M,373,110,-235
17,M,334,53,-386
17,M,296,-412,-200
17,M,396,-619,-16
17,M,545,-607,65
17,M,640,-432,-22
17,M,623,-157,-48
17,M,644,17,-30

17,M,852,-360,-168
17,M,975,-606,-173
17,M,1047,-703,-104
17,M,1163,-443,-101
17,M,1309,-26,-91

17,M,1397,190,-57

17,M,1471,122,122

17,M,1541,92,147

17,M,1632,50,120

17,M,1724,76,110

17,M,1769,152,52

17,M,1756,211,-27

17,M,1759,117,-159
17,M,1790,-16,-116
17,M,1822,-93,-60
17,M,1851,-104,-17
17,M,1904,-44,2

17,M,1919,159,-42
17,M,1954,108,-56
17,M,1952,69,6

17,M,1958,44,89

17,M,1969,-39,128
17,M,1941,-114,102
17,M,1869,-208,91
17,M,1811,-204,109
17,M,1789,-219,12
17,M,1763,-223,-89
17,M,1751,-221,-68
17,M,1747,-249,41
17,M,1755,-431,126
17,M,1756,-561,139
17,M,1709,-644,152
17,M,1685,-643,147
17,M,1664,-558,135
17,M,1647,-426,41
17,M,1591,-214,-104
17,M,1487,-184,-120
17,M,1419,-141,-146
17,M,1393,-97,-192
17,M,1371,-92,-223
17,M,1339,-97,-165
17,M,1270,-86,-77
17,M,1237,-75,-31
17,M,1179,-118,49
17,M,1094,-230,87
17,M,1012,-288,61
17,M,930,-275,4

17,M,791,-232,-43
17,M,751,-179,-12
17,M,723,-149,20
17,M,705,-175,42
17,M,695,-132,74
17,M,716,17,115
17,M,922,226,357
17,M,960,235,449
17,M,920,330,453
17,M,877,411,332
17,M,811,444,205
17,M,743,406,97
17,M,625,194,-1
17,M,583,103,15
17,M,571,70,52
17,M,555,59,74
17,M,521,69,28
17,M,475,89,-37
17,M,395,53,-116
17,M,379,52,-52
17,M,404,63,8

17,M,315,76,-82
17,M,361,10,-166
17,M,379,135,43
17,M,521,105,-43
17,M,434,38,72

17,M,430,-29,168
17,M,433,-65,62
17,M,369,-135,-57
17,M,171,-211,-73
17,M,99,-139,-37
17,M,84,-45,-82
17,M,121,33,-117
17,M,177,66,-97
17,M,222,79,-77
17,M,251,-58,-35
17,M,211,-177,2
17,M,176,-239,58
17,M,152,-252,52
17,M,136,-234,-41
17,M,138,-206,-115
17,M,60,-188,-27

17,M,48,-215,63

17,M,72,-162,87

17,M,125,9,87


17,M,156,222,70

17,M,189,394,30

17,M,331,489,-3

17,M,417,421,-54

17,M,475,217,-21

17,M,552,-52,16

17,M,596,-253,60

17,M,589,-358,43

17,M,508,-97,-135
17,M,560,153,-207
17,M,737,363,-184
17,M,986,429,-102
17,M,1225,295,37
17,M,1487,104,173
17,M,1524,219,22
17,M,1444,373,-102
17,M,1290,607,-102
17,M,1213,915,-67
17,M,1309,907,-121
17,M,1531,722,-22
17,M,1598,369,-170
17,M,1681,121,-86
17,M,1627,206,103
17,M,1665,364,61
17,M,1711,465,-123
17,M,1702,547,-315
17,M,1669,410,-46
17,M,1689,335,274
>Please insert the letter you are going to draw: 
>Acquisition of [M] letter 
18,M,787,-42,38

18,M,786,-21,48

18,M,801,-33,73

18,M,811,-44,60

18,M,822,5,-37

18,M,871,51,-100
18,M,970,89,22

18,M,1057,6,155
18,M,1137,-131,190
18,M,1235,-296,214
18,M,1374,-388,290
18,M,1471,-423,378
18,M,1572,-144,420
18,M,1638,-59,476
18,M,1666,-65,511
18,M,1754,-116,531
18,M,1843,-204,575
18,M,1867,-243,636
18,M,1931,-59,629
18,M,1969,64,619
18,M,1969,107,625
18,M,1947,55,571
18,M,1916,-47,480
18,M,1883,-103,412
18,M,1798,-29,280
18,M,1747,14,198
18,M,1719,-3,154
18,M,1728,-76,208
18,M,1725,-117,305
18,M,1699,-80,164
18,M,1574,113,145
18,M,1525,204,291
18,M,1506,256,429
18,M,1565,274,359
18,M,1557,306,242
18,M,1194,301,-55
18,M,1032,259,-128
18,M,926,50,-86

18,M,905,-262,-9

18,M,953,-601,146
18,M,957,-724,471
18,M,821,-745,901
18,M,729,-262,754
18,M,688,230,418
18,M,622,375,-16
18,M,539,261,-303
18,M,458,102,-317
18,M,338,-256,-107
18,M,327,-542,11

18,M,303,-729,77

18,M,275,-687,72

18,M,240,-557,36

18,M,179,-459,0

18,M,8,-224,-81

18,M,-69,-140,-126
18,M,-113,-97,-195
18,M,-119,-84,-207
18,M,-109,-111,-197
18,M,-124,-156,-187
18,M,-93,-188,-99

18,M,-71,-216,-75

18,M,-87,-184,-89

18,M,-112,-136,-125
18,M,-117,-128,-144
18,M,-118,-177,-167
18,M,-85,-269,-198
18,M,-76,-238,-199
18,M,-44,-194,-174
18,M,-20,-141,-166
18,M,8,-81,-122

18,M,55,-27,0


18,M,149,105,53

18,M,182,206,-7

18,M,192,225,-42

18,M,202,123,-54

18,M,221,2,-133

18,M,246,-28,-290
18,M,302,-202,-447
18,M,410,-304,-432
18,M,544,-344,-300
18,M,707,-315,-110
18,M,900,-124,54

18,M,1043,565,20

18,M,984,697,-190
18,M,953,658,-273
18,M,1022,473,-255
18,M,1158,188,-167
18,M,1317,-64,26

18,M,1580,-383,328
18,M,1619,-358,363
18,M,1667,-223,301
18,M,1748,-31,181
18,M,1749,167,64
18,M,1767,231,-25
18,M,1985,171,184
18,M,1996,106,266
18,M,1993,-13,233
18,M,1986,-136,174
18,M,1995,-210,125
18,M,1996,-201,114
18,M,1996,-166,304
18,M,1996,-19,399
18,M,1996,57,261
18,M,1996,71,189
18,M,1996,196,377
18,M,1996,175,512
18,M,1996,-95,396
18,M,1996,-168,338
18,M,1996,-178,311
18,M,1930,-156,214
18,M,1801,-142,86
18,M,1730,-157,-35
18,M,1641,-344,-42
18,M,1666,-451,-4
18,M,1742,-445,121
18,M,1750,-330,204
18,M,1692,-190,157
18,M,1611,-125,41
18,M,1423,-326,-55
18,M,1324,-430,107
18,M,1231,-463,267
18,M,1146,-451,265
18,M,1061,-396,187
18,M,983,-396,192
18,M,914,-410,417
18,M,902,-256,489
18,M,868,-92,455
18,M,806,74,375
18,M,760,185,300
18,M,728,205,268
18,M,641,50,286
18,M,561,-46,303
18,M,471,-154,325
18,M,373,-231,353
18,M,286,-229,300
18,M,334,-181,189
18,M,209,67,-26

18,M,181,200,-107
18,M,378,130,-118
18,M,391,142,106
18,M,416,129,-12
18,M,259,113,85
18,M,189,105,121
18,M,110,165,-10
18,M,120,81,-127
18,M,21,-36,-69
18,M,10,-275,-191
18,M,5,-290,-229
18,M,6,-178,-151
18,M,-2,-85,-123
18,M,-21,10,-181
18,M,-35,117,-234
18,M,-48,177,-276
18,M,-75,168,-318
18,M,-47,87,-275
18,M,-13,-5,-213
18,M,6,-99,-144
18,M,25,-178,-52
18,M,37,-201,25
18,M,33,-49,53
18,M,55,17,39
18,M,84,36,11
18,M,137,95,-19
18,M,223,197,-25
18,M,294,205,-39
18,M,324,54,-7

18,M,358,-58,50
18,M,431,-231,94
18,M,498,-341,100
18,M,566,-325,151
18,M,611,-201,172
18,M,688,385,-1

18,M,754,575,-97
18,M,825,615,-170
18,M,869,572,-117
18,M,950,389,41

18,M,989,128,183
18,M,1534,-99,339
18,M,1387,408,313
18,M,1419,662,-96
18,M,1399,924,-231
18,M,1405,1019,114
18,M,1590,868,285
18,M,1764,655,424
18,M,1850,487,418
18,M,1913,357,409
18,M,1876,314,404
18,M,1784,348,330
18,M,1706,347,291
18,M,1685,231,313
18,M,1700,163,320
18,M,1684,117,304
18,M,1636,126,291
18,M,1620,205,252
18,M,1644,317,249
18,M,1610,466,272
18,M,1572,413,296
18,M,1592,275,302
18,M,1629,119,246
18,M,1486,332,256
>Please insert the letter you are going to draw: 
>Acquisition of [M] letter 
19,M,999,-12,217
19,M,998,10,223
19,M,1014,-18,226
19,M,1014,-32,248
19,M,1006,-45,263
19,M,1023,-97,256
19,M,1042,-73,230
19,M,981,0,221

19,M,1002,58,256
19,M,1005,13,263
19,M,1009,-19,102
19,M,1017,11,77

19,M,1046,-74,92
19,M,956,-112,116
19,M,930,-73,161
19,M,960,-51,122
19,M,972,-35,117
19,M,962,0,142

19,M,952,7,137

19,M,939,4,141

19,M,941,13,153
19,M,944,8,135
19,M,947,-3,111
19,M,953,-13,99
19,M,969,23,94
19,M,970,42,111
19,M,962,52,132
19,M,969,51,158
19,M,987,51,184
19,M,1000,41,206
19,M,976,-9,194
19,M,964,-2,171
19,M,965,8,146
19,M,967,5,122
19,M,966,0,119
19,M,965,13,133
19,M,973,64,158
19,M,987,73,161
19,M,1001,69,166
19,M,1009,56,173
19,M,1010,36,175
19,M,1009,18,167
19,M,1019,0,149
19,M,1016,-9,136
19,M,1009,-36,121
19,M,1013,-76,119
19,M,1016,-93,123
19,M,1024,-79,125
19,M,1046,-20,168
19,M,1048,-16,203
19,M,1053,-5,221
19,M,1063,9,225
19,M,1058,26,210
19,M,1041,27,194
19,M,1003,3,127
19,M,987,22,92
19,M,999,61,82
19,M,1029,95,76
19,M,1074,88,92
19,M,1144,50,148
19,M,1318,80,223
19,M,1407,90,202
19,M,1518,59,180
19,M,1633,-25,159
19,M,1737,-129,165
19,M,1822,-241,206
19,M,1890,-434,362
19,M,1870,-499,384
19,M,1819,-563,418
19,M,1753,-604,451
19,M,1703,-579,444
19,M,1691,-460,394
19,M,1680,11,315

19,M,1688,266,191
19,M,1727,421,-38
19,M,1795,478,-275
19,M,1821,418,-410
19,M,1726,68,-382
19,M,1632,-157,-176
19,M,1565,-265,7

19,M,1566,-136,195
19,M,1573,-15,381
19,M,1536,51,495
19,M,1342,92,277
19,M,1168,73,65
19,M,985,15,-182
19,M,836,-67,-411
19,M,705,-54,-557
19,M,563,-43,-599
19,M,456,-462,-480
19,M,528,-633,-256
19,M,611,-588,-71
19,M,605,-606,193
19,M,494,-572,409
19,M,321,-407,552
19,M,-39,-52,523
19,M,-286,-194,312
19,M,-452,-304,130
19,M,-452,-128,91
19,M,-359,178,68
19,M,-311,366,2
19,M,-288,384,-74
19,M,-243,411,-31
19,M,-243,407,129
19,M,-258,277,53
19,M,-237,118,-101
19,M,-254,20,-230
19,M,-179,14,-200
19,M,-143,-34,-172
19,M,-134,-109,-206
19,M,-159,-167,-309
19,M,-186,-185,-366
19,M,-202,-144,-348
19,M,-113,-30,-321
19,M,-48,12,-321

19,M,5,-18,-296

19,M,82,-92,-191

19,M,172,-155,-78
19,M,247,-226,3

19,M,395,-301,58
19,M,480,-343,71
19,M,542,-349,47
19,M,608,-322,10
19,M,750,-239,16
19,M,891,-196,73
19,M,1085,39,127
19,M,1208,247,138
19,M,1308,299,188
19,M,1353,236,229
19,M,1417,148,254
19,M,1472,-34,299
19,M,1599,-189,392
19,M,1666,-123,397
19,M,1681,-91,385
19,M,1721,-16,325
19,M,1679,272,260
19,M,1943,350,193
19,M,1991,315,321
19,M,1804,368,443
19,M,1754,242,294
19,M,1845,167,223
19,M,1830,149,549
19,M,1831,54,633
19,M,1829,131,456
19,M,1849,230,332
19,M,1921,270,331
19,M,1861,338,309
19,M,1996,138,154
19,M,1996,120,119
19,M,1996,108,529
19,M,1996,200,856
19,M,1996,198,912
19,M,1965,131,775
19,M,1906,121,445
19,M,1759,79,278
19,M,1707,8,281
19,M,1706,-66,269
19,M,1716,-116,260
19,M,1715,-99,277
19,M,1730,2,292

19,M,1723,125,364
19,M,1693,73,456
19,M,1650,-48,488
19,M,1578,-90,472
19,M,1541,-277,409
19,M,1499,-347,377
19,M,1295,-275,280
19,M,1174,-178,281
19,M,1079,-56,269
19,M,985,-8,231

19,M,933,8,183

19,M,939,66,177

19,M,895,242,189
19,M,878,267,205
19,M,831,298,253
19,M,783,307,324
19,M,715,287,441
19,M,656,233,467
19,M,580,120,356
19,M,513,51,284
19,M,405,-33,243
19,M,279,-72,183
19,M,172,-57,113
19,M,79,-24,30

19,M,-91,45,-116
19,M,-128,84,-171
19,M,-142,81,-220
19,M,-173,41,-261
19,M,-192,-15,-279
19,M,-211,-52,-297
19,M,-208,-36,-320
19,M,-213,-35,-367
19,M,-244,-22,-403
19,M,-263,-32,-426
19,M,-297,-115,-436
19,M,-299,-184,-324
19,M,-181,-168,-247
19,M,-60,8,-173
7
19,M,44,115,-160

19,M,105,153,-131

>Please insert the letter you are going to draw: 
>Acquisition of [M] letter 
20,M,952,-34,139

20,M,996,-32,141

20,M,1119,-98,167

20,M,1184,-89,221

20,M,1277,-58,257

20,M,1395,-3,252

20,M,1533,1,229

20,M,1685,-27,252

20,M,1941,-217,357
20,M,1996,-314,413
20,M,1996,-356,466
20,M,1996,-353,474
20,M,1996,-318,423
20,M,1996,-280,356
20,M,1938,-237,248
20,M,1874,-186,192
20,M,1796,-154,125
20,M,1722,-127,46
20,M,1659,-79,-26
20,M,1614,-72,-55
20,M,1517,-19,80
20,M,1486,29,115
20,M,1435,50,115
20,M,1384,104,104
20,M,1324,144,54
20,M,1262,139,-34
20,M,1243,-20,84
20,M,1240,-127,176
20,M,1161,-115,265
20,M,1096,0,334

20,M,1049,131,358
20,M,968,157,288
20,M,722,223,-105
20,M,615,263,-237
20,M,536,221,-249
20,M,500,43,-164
20,M,507,-81,-70
20,M,501,-78,42
20,M,569,67,367
20,M,592,-74,518
20,M,512,-276,508
20,M,383,-325,467
20,M,261,-251,337
20,M,-6,-152,-6

20,M,-133,-46,-60
20,M,-185,-37,-95
20,M,-179,-44,-61
20,M,-111,-36,12
20,M,2,-78,60

20,M,167,-42,140
20,M,157,-53,147
20,M,111,-93,126
20,M,60,-109,88
20,M,17,-132,28
20,M,-24,-155,-40
20,M,-23,-116,-174
20,M,-29,-171,-240
20,M,-30,-261,-298
20,M,-18,-271,-287
20,M,26,-215,-250
20,M,106,-140,-259
20,M,232,-96,-234
20,M,283,-116,-143
20,M,313,-149,-86
20,M,335,-198,-64
20,M,373,-203,-33
20,M,408,-176,-29
20,M,351,-57,-89
20,M,367,5,-130
20,M,426,-31,-141
20,M,528,-87,-169
20,M,669,-63,-140
20,M,786,-9,-121
20,M,900,6,-141
20,M,942,-15,-112
20,M,992,-4,-46

20,M,1036,-15,38
20,M,1056,-34,48
20,M,1100,72,43
20,M,1234,330,-1
20,M,1323,354,-43
20,M,1407,254,26
20,M,1466,120,162
20,M,1506,91,260
20,M,1537,183,256
20,M,1565,351,202
20,M,1560,482,229
20,M,1583,657,283
20,M,1620,753,286
20,M,1628,725,270
20,M,1588,623,271
20,M,1525,397,239
20,M,1503,346,218
20,M,1492,299,229
20,M,1498,258,254
20,M,1507,276,291
20,M,1649,271,302
20,M,1771,422,286
20,M,1867,485,236
20,M,1944,544,436
20,M,1963,538,728
20,M,1992,446,806
20,M,1996,392,536
20,M,1946,410,472
20,M,1859,417,478
20,M,1806,371,405
20,M,1728,327,321
20,M,1655,311,257
20,M,1611,304,124
20,M,1697,263,124
20,M,1727,277,356
20,M,1768,139,548
20,M,1763,92,671
20,M,1726,36,690
20,M,1618,37,456
20,M,1583,89,293
20,M,1513,158,215
20,M,1419,215,179
20,M,1316,207,147
20,M,1216,170,119
20,M,1206,251,207
20,M,1220,308,329
20,M,1205,312,439
20,M,1127,231,444
20,M,1036,161,366
20,M,950,100,255
20,M,812,50,136
20,M,729,68,112
20,M,618,-50,134
20,M,489,-256,125
20,M,395,-312,134
20,M,366,-248,113
20,M,302,-241,-62
20,M,213,-214,-124
20,M,150,-102,-122
20,M,156,-13,-91

20,M,187,76,-77

20,M,172,152,-46

20,M,52,176,-204

20,M,-71,164,-291
20,M,-8,-16,-440
20,M,5,35,-201

20,M,202,-66,-229
20,M,233,-126,-242
20,M,128,-276,57

20,M,132,-272,63

20,M,153,-198,-24
20,M,165,-132,-117
20,M,145,-119,-189
20,M,97,-147,-247
20,M,23,-179,-152
20,M,41,-186,-90
20,M,80,-136,-94
20,M,123,-43,-131
20,M,170,63,-162
20,M,214,119,-146
20,M,233,101,-90
20,M,202,70,-71
20,M,177,31,-53
20,M,194,18,-39
20,M,252,3,-34
20,M,373,72,-22
20,M,392,83,-35
20,M,398,119,-57
20,M,410,168,-106
20,M,432,212,-185
20,M,461,272,-193
20,M,586,440,-160
20,M,673,470,-189
20,M,749,382,-161
20,M,812,249,-58
20,M,888,149,70
20,M,948,58,133
20,M,939,-9,17
20,M,937,75,-117
20,M,976,134,-264
20,M,1030,250,-325
20,M,1088,405,-393
20,M,1118,585,-275
20,M,1359,395,9

20,M,1432,247,142
20,M,1388,138,94
20,M,1256,104,-25
20,M,1194,137,-168
20,M,1176,220,-303
20,M,1161,478,-401
20,M,1195,473,-315
20,M,1255,395,-183
20,M,1381,343,-97
20,M,1519,269,-51
20,M,1551,189,23
20,M,1479,163,59
20,M,1416,251,37
20,M,1376,348,-6
20,M,1373,384,-62
20,M,1418,314,-70
20,M,1451,203,13
20,M,1483,195,243
20,M,1528,218,227
20,M,1588,231,146
>Please insert the letter you are going to draw: 
>Acquisition of [M] letter 
21,M,953,-41,36

21,M,940,-49,10

21,M,930,-68,-8

21,M,916,-77,-14
21,M,917,-66,-6
21,M,917,-61,2
21,M,920,-60,28
21,M,936,-108,39
21,M,966,-120,51
21,M,1034,-104,83
21,M,1100,-69,113
21,M,1173,-40,160
21,M,1256,-49,171
21,M,1402,-120,103
21,M,1476,-151,74
21,M,1564,-165,74
21,M,1651,-176,85
21,M,1729,-173,110
21,M,1810,-218,137
21,M,1986,-351,222
21,M,1996,-335,214
21,M,1996,-273,173
21,M,1996,-205,165
21,M,1996,-167,190
21,M,1899,-113,34
21,M,1765,-30,-125
21,M,1663,8,-244

21,M,1595,80,-252
21,M,1501,202,-223
21,M,1429,232,-139
21,M,1353,111,188
21,M,1281,-17,436
21,M,1269,10,696
21,M,1297,36,667
21,M,1336,121,423
21,M,1361,166,382
21,M,1314,-4,1019
21,M,1277,-99,1113
21,M,1151,-93,828
21,M,977,-73,466
21,M,835,-114,91
21,M,787,-108,-236
21,M,717,68,-404

21,M,644,267,-385
21,M,603,465,-286
21,M,630,481,-138
21,M,737,349,15

21,M,881,135,250
21,M,758,-146,172
21,M,662,-98,-56
21,M,570,-3,-198
21,M,489,46,-248
21,M,408,15,-204
21,M,353,-101,-133
21,M,218,-399,56

21,M,194,-388,157
21,M,221,-291,211
21,M,262,-225,206
21,M,227,-96,210
21,M,131,-36,146
21,M,49,-43,-88
21,M,55,-33,-133
21,M,60,-88,-177
21,M,81,-154,-175
21,M,133,-223,-104
21,M,173,-268,-38
21,M,192,-321,-26
21,M,139,-309,-61
21,M,114,-249,-84
21,M,134,-169,-138
21,M,154,-102,-211
21,M,143,-51,-250
21,M,139,-54,-181
21,M,167,-55,-99
21,M,183,-62,-5
21,M,237,-72,110
21,M,292,-97,174
21,M,317,-82,98
21,M,311,-35,-127
21,M,349,-70,-123
21,M,430,-142,-127
21,M,524,-193,-155
21,M,579,-211,-162
21,M,569,-248,-203
21,M,628,-254,-185
21,M,727,-183,-94
21,M,834,-70,-4

21,M,918,32,46

21,M,947,103,51

21,M,945,154,-9

21,M,1033,276,15
21,M,1144,462,68
21,M,1238,628,104
21,M,1298,637,132
21,M,1365,539,185
21,M,1354,-21,217
21,M,1405,-54,303
21,M,1534,46,322
21,M,1613,136,270
21,M,1603,166,220
21,M,1577,247,230
21,M,1603,491,164
21,M,1604,479,188
21,M,1614,367,306
21,M,1611,217,332
21,M,1611,166,313
21,M,1661,169,308
21,M,1818,219,228
21,M,1881,208,225
21,M,1914,161,239
21,M,1962,128,278
21,M,1995,131,344
21,M,1987,134,387
21,M,1913,280,336
21,M,1898,317,317
21,M,1924,248,201
21,M,1902,183,136
21,M,1878,115,151
21,M,1891,58,172
21,M,1956,25,175
21,M,1961,20,254
21,M,1929,-10,327
21,M,1886,-38,318
21,M,1831,-37,203
21,M,1754,0,102

21,M,1596,75,-25
21,M,1525,88,-68
21,M,1434,85,-82
21,M,1336,62,-124
21,M,1256,26,-163
21,M,1195,-2,-153
21,M,1229,-21,62
21,M,1291,32,273
21,M,1248,-54,342
21,M,1293,80,381
21,M,1220,273,337
21,M,1033,279,299
21,M,783,169,113
21,M,660,121,65
21,M,549,69,52
21,M,449,38,53
21,M,358,-7,31
21,M,278,-77,50
21,M,146,40,-78
21,M,119,191,-150
21,M,137,315,-169
21,M,90,445,-165
21,M,214,450,-122
21,M,233,243,-100
21,M,279,96,-93

21,M,229,1,37


21,M,201,-87,18

21,M,137,-97,17

21,M,94,-97,22

21,M,58,56,-7

21,M,18,105,-106
21,M,0,87,-125

21,M,36,-26,-187
21,M,87,-136,-220
21,M,98,-223,-182
21,M,42,-242,-154
21,M,33,-167,-137
21,M,40,-99,-110
21,M,57,-44,-61
21,M,86,-35,8

21,M,105,-3,77
21,M,50,22,185
21,M,49,-28,76
21,M,15,-93,6
21,M,-97,-169,-70
21,M,-136,-233,-186
21,M,-117,-305,-232
21,M,57,-321,33
2
21,M,214,-201,186

21,M,396,-111,233

21,M,574,-62,219

21,M,655,-8,194

21,M,650,92,29

21,M,571,550,-252

21,M,672,612,-220

21,M,843,449,-156

21,M,1042,178,-23

21,M,1180,28,109

21,M,1302,-72,146

21,M,1159,208,-19

21,M,1108,360,-181
21,M,1550,288,-18
21,M,1903,404,198
21,M,1925,551,158
21,M,1970,508,-37
21,M,1886,468,171
21,M,1665,608,104
21,M,1585,542,-198
21,M,1596,393,-233
21,M,1624,286,-20
21,M,1630,345,160
21,M,1764,414,237
21,M,1841,293,101
21,M,1846,166,-38
21,M,1780,100,-52
>Please insert the letter you are going to draw: 
>Acquisition of [M] letter 
22,M,935,-96,210
22,M,939,-115,196
22,M,949,-127,193
22,M,953,-117,187
22,M,960,-101,181
22,M,993,-93,200
22,M,1006,-82,211
22,M,1027,-72,230
22,M,1037,-70,230
22,M,1055,-56,228
22,M,1196,-81,226
22,M,1316,-58,248
22,M,1461,-15,303
22,M,1630,3,413

22,M,1774,-6,506
22,M,1880,-22,561
22,M,1953,-210,533
22,M,1936,-309,440
22,M,1903,-339,302
22,M,1890,-308,164
22,M,1865,-231,120
22,M,1831,-151,107
22,M,1790,-34,59

22,M,1743,-7,16

22,M,1683,-81,-29
22,M,1642,-181,-92
22,M,1630,-255,-59
22,M,1611,-365,102
22,M,1618,-495,396
22,M,1565,-483,428
22,M,1448,-491,435
22,M,1359,-330,341
22,M,1266,-50,313
22,M,1227,94,284
22,M,1096,-63,133
22,M,989,-132,40
22,M,997,-72,29
22,M,1008,-16,80
22,M,957,-48,100
22,M,951,-212,89
22,M,918,-509,-8
22,M,825,-533,-81
22,M,747,-531,-111
22,M,697,-542,-154
22,M,605,-524,-194
22,M,500,-470,-222
22,M,332,-362,-165
22,M,257,-305,-68
22,M,232,-252,80
22,M,148,-198,157
22,M,60,-181,71

22,M,-39,-75,-27
22,M,-146,61,-41
22,M,-161,9,19

22,M,-145,-53,135
22,M,-92,-50,254
22,M,-62,-13,300
22,M,-69,90,331
22,M,-102,355,95
22,M,-132,416,-77
22,M,-157,371,-189
22,M,-143,215,-222
22,M,-108,42,-175
22,M,-120,-38,-108
22,M,40,-208,-27

22,M,-77,-74,15

22,M,-31,-44,-387
22,M,25,-46,-607
22,M,67,-95,-594
22,M,90,-157,-522
22,M,187,-71,-107
22,M,296,-114,126
22,M,423,-190,265
22,M,540,-217,303
22,M,600,-231,187
22,M,547,-22,-92
22,M,557,487,-510
22,M,708,431,-472
22,M,929,257,-224
22,M,1104,35,29

22,M,1169,-189,163
22,M,1180,-257,144
22,M,1221,119,69

22,M,1258,322,58

22,M,1313,373,68

22,M,1365,337,169
22,M,1364,174,299
22,M,1223,-30,261
22,M,1942,94,-115
22,M,1946,-34,-475
22,M,1794,-75,-287
22,M,1825,80,98

22,M,1974,264,292
22,M,1996,148,497
22,M,1996,4,564

22,M,1995,-107,614
22,M,1943,-141,554
22,M,1878,-156,436
22,M,1827,-161,340
22,M,1813,-49,338
22,M,1783,-48,294
22,M,1708,15,410
22,M,1637,87,513
22,M,1751,24,460
22,M,1808,-49,454
22,M,1895,-218,296
22,M,1914,-152,366
22,M,1870,-93,563
22,M,1834,-109,639
22,M,1822,-108,598
22,M,1782,-47,548
22,M,1614,82,388
22,M,1544,79,300
22,M,1490,105,242
22,M,1457,173,215
22,M,1398,203,170
22,M,1346,198,96
22,M,1286,186,-27
22,M,1305,196,-25
22,M,1373,237,109
22,M,1370,251,242
22,M,1297,202,307
22,M,1220,126,315
22,M,1066,149,380
22,M,958,225,419
22,M,836,221,396
22,M,699,193,326
22,M,573,182,277
22,M,445,208,210
22,M,280,360,5

22,M,224,403,-6
22,M,184,353,-22
22,M,191,337,-3
22,M,211,319,35
22,M,200,264,16
22,M,77,187,-167
22,M,123,43,-272
22,M,24,-1,-232
22,M,110,-126,-234
22,M,172,-192,-228
22,M,97,-312,-190
22,M,169,-282,-247
22,M,170,-131,-184
22,M,115,-52,-106
22,M,87,-27,-131
22,M,87,-19,-175
22,M,82,-51,-166
22,M,94,-168,-239
22,M,111,-168,-257
22,M,137,-111,-238
22,M,165,-24,-241
22,M,170,33,-248
22,M,175,27,-244
22,M,261,-51,-127
22,M,315,-94,-53
22,M,364,-102,-4
22,M,419,-58,46
22,M,445,-33,43
22,M,417,67,-40
22,M,505,281,-74
22,M,557,276,-34
22,M,595,204,-44
22,M,636,117,-66
22,M,637,46,-83
22,M,633,-28,-201
22,M,676,28,-377
22,M,743,23,-294
22,M,825,106,-154
22,M,943,204,30

22,M,1064,176,190
22,M,1137,71,314
22,M,1227,-91,241
22,M,1194,-73,-10
22,M,1081,34,-186
22,M,1037,111,-123
22,M,1117,208,-50
22,M,1178,402,122
22,M,1364,346,191
22,M,1406,239,204
22,M,1419,170,204
22,M,1476,194,329
22,M,1426,332,372
22,M,1472,344,236
22,M,1555,286,-143
22,M,1547,345,34

22,M,1503,440,283
22,M,1641,386,350
22,M,1683,358,427
22,M,1658,358,431
22,M,1487,372,341
22,M,1405,368,315
22,M,1349,334,247
22,M,1297,279,189
22,M,1280,223,203
22,M,1324,281,353
22,M,1401,283,355
22,M,1405,300,376
22,M,1381,360,392
22,M,1317,404,420
22,M,1306,331,347
>Please insert the letter you are going to draw: 
>Acquisition of [M] letter 
23,M,1418,84,210
23,M,1514,79,237
23,M,1575,76,365
23,M,1725,-31,544
23,M,1914,17,614
23,M,1990,-24,587
23,M,1898,42,420
23,M,1776,107,98
23,M,1721,80,-148
23,M,1707,28,-200
23,M,1697,-49,-167
23,M,1823,-254,-151
23,M,1829,-298,-211
23,M,1834,-425,-202
23,M,1850,-523,-224
23,M,1809,-474,-209
23,M,1699,-476,-117
23,M,1451,-84,-2

23,M,1442,-93,-118
23,M,1445,-193,-145
23,M,1384,-144,-36
23,M,1337,-131,75
23,M,1226,12,-138
23,M,1473,-232,-66
23,M,1439,-237,-202
23,M,1214,-95,-134
23,M,1065,-140,-232
23,M,923,-101,-442
23,M,742,-66,-566
23,M,757,-173,-119
23,M,711,-234,-118
23,M,648,-214,-48
23,M,624,-133,-6
23,M,572,-23,-115
23,M,435,68,-227
23,M,125,122,-539
23,M,23,123,-676
23,M,26,139,-472
23,M,120,204,-150
23,M,234,82,-13

23,M,475,-284,-40
23,M,188,-138,299
23,M,185,-44,322
23,M,192,-161,372
23,M,142,-240,323
23,M,135,-140,132
23,M,140,-12,-13
23,M,143,16,15

23,M,204,-9,109
23,M,299,-28,201
23,M,326,-67,257
23,M,306,-174,262
23,M,260,-235,225
23,M,69,-184,97

23,M,-41,-142,-9
23,M,-113,-85,-111
23,M,-120,-163,-225
23,M,-75,-277,-213
23,M,189,-329,-4

23,M,300,-207,146
23,M,353,-111,284
23,M,390,-48,303
23,M,369,24,184
23,M,291,118,8
23,M,187,96,-219
23,M,265,30,-414
23,M,400,-128,-287
23,M,518,-201,-89
23,M,647,-96,-134
23,M,771,-98,130
23,M,955,159,170
23,M,880,358,293
23,M,786,585,52
23,M,749,608,-158
23,M,838,232,-272
23,M,1057,-73,-227
23,M,1289,-20,-84
23,M,1362,27,101
23,M,1373,147,132
23,M,1422,297,97
23,M,1461,570,41
23,M,1406,788,-95
23,M,1292,615,-285
23,M,1251,486,-349
23,M,1356,360,-341
23,M,1600,208,-109
23,M,1643,230,37

23,M,1744,114,228
23,M,1842,119,413
23,M,1962,112,451
23,M,1819,207,231
23,M,1877,242,16
23,M,1926,174,24
23,M,1933,131,162
23,M,1969,175,120
23,M,1913,175,-20
23,M,1989,6,-16

23,M,1996,-87,-35
23,M,1996,-107,-2
23,M,1992,-206,41
23,M,1896,-269,67
23,M,1775,-178,73
23,M,1663,-98,-9
23,M,1585,-77,-83
23,M,1551,-92,-71
23,M,1539,-166,-26
23,M,1546,-143,-141
23,M,1511,-132,-201
23,M,1509,-188,-148
23,M,1537,-287,-136
23,M,1589,-385,-21
23,M,1622,-399,116
23,M,1411,-283,5

23,M,1257,-267,-135
23,M,1204,-215,-124
23,M,1054,-64,-179
23,M,1013,-38,-222
23,M,997,-83,-183
23,M,951,53,-6

23,M,999,-95,-58
23,M,1007,-126,-4
23,M,974,-154,10
23,M,958,-125,-7
23,M,768,151,-122
23,M,684,193,-279
23,M,615,160,-372
23,M,570,132,-416
23,M,547,157,-337
23,M,581,178,-197
23,M,703,46,94

23,M,710,53,88

23,M,700,87,96

23,M,683,112,122
23,M,618,170,62
23,M,546,147,-18
23,M,398,93,17

23,M,363,69,58

23,M,359,110,105
23,M,393,125,118
23,M,434,144,177
23,M,441,171,215
23,M,364,153,102
23,M,295,100,57
23,M,234,78,39
23,M,206,66,19
23,M,236,26,-13
23,M,275,-11,-19
23,M,276,204,-15
23,M,264,303,-26
23,M,259,335,-52
23,M,242,329,-110
23,M,232,259,-136
23,M,221,224,-144
23,M,280,255,-93
23,M,322,184,-82
23,M,367,86,-68
23,M,409,85,-59
23,M,429,229,-41
23,M,408,378,-17
23,M,285,404,-62
23,M,244,326,-104
23,M,254,231,-161
23,M,323,67,-258
23,M,421,-100,-273
23,M,532,-89,-205
23,M,660,300,-59
23,M,620,457,-38
23,M,570,557,-127
23,M,525,631,-244
23,M,490,664,-364
23,M,502,533,-496
23,M,638,-43,-573
23,M,724,-66,-473
23,M,798,66,-281
23,M,845,207,-147
23,M,863,255,-189
23,M,878,394,-231
23,M,755,613,-335
23,M,842,387,-371
23,M,896,193,-387
23,M,973,37,-244
23,M,1123,-21,-35
23,M,1461,133,189
23,M,1462,238,165
23,M,1399,261,176
23,M,1307,280,158
23,M,1188,274,173
23,M,1065,263,109
23,M,984,-66,-346
23,M,1014,-200,-367
23,M,1067,-317,-188
23,M,1229,-343,53

23,M,1432,-262,260
23,M,1772,-225,434
23,M,1901,-53,423
23,M,1845,104,446
23,M,1662,237,464
23,M,1492,289,355
23,M,1386,246,238
23,M,1376,164,146
>Please insert the letter you are going to draw: 
>Acquisition of [M] letter 
24,M,1041,-106,312
24,M,1050,-87,328
24,M,1062,-70,358
24,M,1078,-60,358
24,M,1088,-58,328
24,M,1127,-134,270
24,M,1185,-143,256
24,M,1261,-166,279
24,M,1336,-193,282
24,M,1419,-232,273
24,M,1525,-266,273
24,M,1675,-302,256
24,M,1713,-262,188
24,M,1791,-271,137
24,M,1917,-345,167
24,M,1995,-399,228
24,M,1996,-417,324
24,M,1990,-433,389
24,M,1916,-408,355
24,M,1829,-377,311
24,M,1754,-370,272
24,M,1690,-369,216
24,M,1621,-326,130
24,M,1524,-343,84
24,M,1538,-352,136
24,M,1540,-276,119
24,M,1443,-147,106
24,M,1358,-287,221
24,M,1387,-319,226
24,M,1331,-366,118
24,M,1187,-368,134
24,M,1042,-317,129
24,M,926,-263,156
24,M,820,-233,161
24,M,746,-237,110
24,M,741,-257,-100
24,M,752,-241,-111
24,M,798,-242,-84
24,M,828,-177,-30
24,M,780,-30,19

24,M,702,70,43

24,M,666,-83,76

24,M,687,-267,152
24,M,651,-315,192
24,M,576,-184,192
24,M,517,-24,183
24,M,494,86,131
24,M,490,121,89
24,M,462,146,30
24,M,423,124,-23
24,M,397,41,-58
24,M,369,13,-65
24,M,271,143,-63
24,M,218,166,-68
24,M,169,132,-46
24,M,157,96,-3

24,M,166,69,14

24,M,180,4,10

24,M,211,-127,-52
24,M,222,-114,-115
24,M,245,-80,-171
24,M,289,-32,-174
24,M,294,75,-169
24,M,114,322,-247
24,M,378,-107,-109
24,M,420,-143,-97
24,M,376,-125,-86
24,M,354,-121,-9
24,M,335,-136,77
24,M,315,-220,139
24,M,400,-392,214
24,M,465,-284,244
24,M,458,-45,236
24,M,453,182,217
24,M,486,321,253
24,M,487,472,245
24,M,536,184,-122
24,M,550,-133,-266
24,M,559,-287,-324
24,M,567,-179,-306
24,M,555,202,-146
24,M,584,528,22

24,M,829,595,44

24,M,884,472,8

24,M,888,199,-54
24,M,921,-110,-84
24,M,942,-312,-26
24,M,904,-201,99
24,M,971,422,225
24,M,1073,478,216
24,M,1142,244,223
24,M,1187,-183,208
24,M,1213,-448,204
24,M,1262,-472,202
24,M,1241,127,249
24,M,1203,333,321
24,M,1212,355,320
24,M,1138,275,215
24,M,1189,141,243
24,M,1255,168,31
24,M,1455,42,-28
24,M,1500,-85,-37
24,M,1481,-74,2

24,M,1425,-53,87
24,M,1372,-59,176
24,M,1290,-6,294
24,M,1266,-47,324
24,M,1327,-31,275
24,M,1448,80,113
24,M,1597,277,-64
24,M,1683,490,-168
24,M,1653,143,-25
24,M,1616,-13,111
24,M,1580,-17,198
24,M,1580,-33,244
24,M,1591,-100,247
24,M,1595,-136,204
24,M,1571,-78,-63
24,M,1520,0,-119
24,M,1493,7,-66
24,M,1505,139,-180
24,M,1532,131,-276
24,M,1534,-25,-187
24,M,1556,-216,-66
24,M,1593,-275,5

24,M,1643,-301,41
24,M,1649,-331,99
24,M,1605,-396,220
24,M,1575,-337,214
24,M,1466,-155,199
24,M,1382,-160,181
24,M,1326,-181,147
24,M,1370,-305,37
24,M,1412,-360,-89
24,M,1414,-340,-146
24,M,1464,-405,-142
24,M,1479,-284,-76
24,M,1455,-94,0

24,M,1446,52,75

24,M,1397,159,137
24,M,1297,154,167
24,M,1107,-19,84
24,M,1041,-57,58
24,M,987,-71,51
24,M,952,-23,48
24,M,929,93,32
24,M,892,145,16
24,M,897,19,-93
24,M,897,77,-153
24,M,884,152,-177
24,M,879,106,-149
24,M,854,39,-67

24,M,799,30,32

24,M,765,63,-32

24,M,731,120,-85
24,M,666,181,-105
24,M,620,209,-136
24,M,602,185,-141
24,M,599,111,4

24,M,508,30,76

24,M,513,-25,45

24,M,549,49,-8

24,M,540,174,-14
24,M,493,207,-19
24,M,353,206,59
24,M,333,202,56
24,M,390,261,40
24,M,459,330,169
24,M,527,320,251
24,M,569,271,230
24,M,506,63,158
24,M,469,68,122
24,M,454,90,97
24,M,446,146,86
24,M,437,179,20
24,M,405,191,-98
24,M,349,47,-172
24,M,356,-9,-169
24,M,350,-45,-174
24,M,330,-73,-181
24,M,296,-38,-153
24,M,298,15,-117
24,M,339,77,-58
24,M,378,49,-60
24,M,438,-25,-60
24,M,481,-63,-22
24,M,499,-29,25
24,M,506,29,72
24,M,539,-28,137
24,M,580,-37,135
24,M,612,-82,120
24,M,629,-152,140
24,M,629,-161,165
24,M,631,-95,161
24,M,617,212,122
24,M,609,286,61
24,M,578,208,39
24,M,561,37,23
24,M,530,-247,-5
24,M,481,-444,-31
>Please insert the letter you are going to draw: 
>Acquisition of [M] letter 
25,M,1189,-150,119
25,M,1355,-98,120
25,M,1489,-95,175
25,M,1597,-109,203
25,M,1683,-262,180
25,M,1778,-490,104
25,M,1856,-641,15
25,M,1955,-749,-41
25,M,1995,-733,-13
25,M,1996,-718,86
25,M,1996,-677,121
25,M,1969,-619,126
25,M,1919,-575,37
25,M,1860,-625,76
25,M,1782,-708,184
25,M,1698,-790,248
25,M,1605,-833,205
25,M,1549,-896,162
25,M,1464,-920,224
25,M,1383,-904,200
25,M,1342,-606,125
25,M,1332,-560,121
25,M,1284,-483,157
25,M,1229,-378,192
25,M,1165,-268,182
25,M,1101,-198,123
25,M,1003,-91,126
25,M,912,47,107

25,M,841,102,97

25,M,790,98,74

25,M,674,54,-17

25,M,664,2,-25

25,M,679,7,0


25,M,643,100,18

25,M,571,161,54

25,M,530,161,90

25,M,467,118,-64
25,M,437,94,-130
25,M,390,69,-133
25,M,344,103,-112
25,M,282,179,-83
25,M,245,158,-14
25,M,264,26,29

25,M,264,84,13

25,M,229,156,-37
25,M,192,198,-58
25,M,178,201,5

25,M,210,121,16
25,M,246,-129,-32
25,M,236,-221,-36
25,M,225,-266,-44
25,M,217,-248,-74
25,M,230,-188,-88
25,M,243,-102,-74
25,M,296,53,8
4
25,M,360,143,103
25,M,390,150,158
25,M,373,108,114
25,M,363,106,69
25,M,318,48,52
25,M,232,-144,49
25,M,249,-305,33
25,M,283,-393,32
25,M,308,-401,54
25,M,321,-342,94
25,M,334,-173,79
25,M,451,13,14

25,M,482,53,-62
25,M,478,95,-122
25,M,483,63,-113
25,M,498,-26,-70
25,M,550,-51,-43
25,M,605,-79,-7
25,M,650,-92,-1
25,M,697,-20,13
25,M,735,75,4

25,M,777,147,9
25,M,901,185,74
25,M,937,168,44
25,M,919,56,33
25,M,924,88,-6
25,M,943,166,-70
25,M,987,44,-98
25,M,1210,83,166
25,M,1194,29,282
25,M,1265,67,346
25,M,1228,435,212
25,M,1212,702,10
25,M,1182,758,-119
25,M,1332,228,-66
25,M,1421,-13,78
25,M,1512,-51,157
25,M,1552,4,225

25,M,1560,7,286

25,M,1558,-3,269
25,M,1527,32,90
25,M,1526,-2,26
25,M,1556,2,-37
25,M,1599,64,-53
25,M,1636,157,-6
25,M,1671,194,64
25,M,1721,182,181
25,M,1766,173,281
25,M,1793,199,333
25,M,1750,224,340
25,M,1600,319,249
25,M,1745,401,130
25,M,1810,445,-310
25,M,1773,301,-395
25,M,1681,226,-139
25,M,1596,145,124
25,M,1650,-254,150
25,M,1719,-746,105
25,M,1625,-830,221
25,M,1574,-534,221
25,M,1586,-266,224
25,M,1567,-26,208
25,M,1526,62,204
25,M,1516,0,206
25,M,1498,-317,210
25,M,1449,-475,218
25,M,1422,-572,206
25,M,1387,-587,179
25,M,1335,-535,148
25,M,1268,-410,86
25,M,1118,-210,25
25,M,1059,-146,17
25,M,1032,-68,8

25,M,1014,4,-33

25,M,979,0,-76

25,M,1059,-56,53
25,M,1108,-43,169
25,M,1133,38,233
25,M,1083,104,175
25,M,1023,196,93
25,M,963,202,-14
25,M,853,215,-159
25,M,824,108,-239
25,M,816,119,-336
25,M,794,206,-349
25,M,780,282,-318
25,M,809,331,-184
25,M,866,368,54

25,M,875,350,124
25,M,817,320,124
25,M,710,268,90
25,M,623,89,8

25,M,588,-25,-107
25,M,522,67,-162
25,M,481,208,-129
25,M,456,321,-106
25,M,438,372,-71
25,M,427,343,-13
25,M,420,271,17
25,M,379,127,61
25,M,365,80,118
25,M,366,-19,156
25,M,367,-109,181
25,M,373,-140,230
25,M,396,-69,272
25,M,434,100,285
25,M,425,124,250
25,M,402,169,206
25,M,360,172,138
25,M,327,134,59
25,M,305,39,2

25,M,289,-38,-18
25,M,275,-15,13
25,M,280,-6,47
25,M,302,2,55
25,M,314,30,34
25,M,316,46,-9
25,M,298,-4,-106
25,M,305,-7,-122
25,M,321,30,-142
25,M,323,53,-163
25,M,326,43,-179
25,M,354,19,-190
25,M,462,-25,-89
25,M,543,-18,53
25,M,630,147,110
25,M,650,369,82
25,M,580,443,-37
25,M,567,354,-158
25,M,763,12,-213
25,M,798,17,-177
25,M,795,147,-104
25,M,779,278,-45
25,M,807,342,-32
25,M,848,427,-58
25,M,971,522,-126
25,M,1036,419,-234
25,M,1008,384,-152
25,M,1007,310,10

25,M,1028,214,170
25,M,919,284,345
25,M,980,300,56
25,M,1020,359,223
25,M,1081,395,462
25,M,1210,353,512

Error reading from serial device



Session stopped
    - Press <return> to exit tab
    - Press R to restart session
    - Press S to save terminal output to file



Session stopped
    - Press <return> to exit tab
    - Press R to restart session
    - Press S to save terminal output to file
