=~=~=~=~=~=~=~=~=~=~=~= MobaXterm log 2021.09.08 07:59:12 =~=~=~=~=~=~=~=~=~=~=~=
>Accelerometer initialization: completed 
>Accelerometer enabling: completed 
>Output rate: -2063597568[Hz]
>Sensitivity: 0[g]
>FullScale: 1079640064[g]
>Please insert the letter you are going to draw: 
>Acquisition of [R] letter 
1,R,978,-34,134
1,R,1007,-14,125
1,R,1055,-9,112
1,R,1114,-37,100
1,R,1203,-55,92
1,R,1339,-39,125
1,R,1603,69,176
1,R,1687,83,133
1,R,1746,7,74

1,R,1853,-132,44
1,R,1972,-168,-30
1,R,1996,-154,-51
1,R,1996,-320,197
1,R,1996,-424,297
1,R,1996,-510,286
1,R,1996,-558,189
1,R,1992,-544,143
1,R,1916,-488,152
1,R,1873,-411,158
1,R,1818,-324,140
1,R,1755,-285,117
1,R,1677,-254,157
1,R,1596,-250,182
1,R,1631,-292,221
1,R,1249,-146,43
1,R,1053,-119,-63
1,R,896,-131,-254
1,R,830,-111,-345
1,R,1158,-82,-268
1,R,1365,374,104
1,R,790,560,876
1,R,708,380,871
1,R,654,150,510
1,R,561,-151,126
1,R,424,-541,-64
1,R,287,-790,-170
1,R,62,-558,-224
1,R,89,-374,-115
1,R,237,-149,65
1,R,384,0,155

1,R,440,-73,168
1,R,509,-737,87
1,R,576,-819,83
1,R,629,-724,128
1,R,666,-571,184
1,R,718,-521,223
1,R,766,-604,299
1,R,781,-1060,411
1,R,795,-1198,405
1,R,777,-1203,420
1,R,716,-1173,424
1,R,622,-1132,436
1,R,525,-1078,428
1,R,335,-903,199
1,R,249,-853,40
1,R,164,-761,-60
1,R,76,-568,-93
1,R,30,-373,-95
1,R,17,-237,-52
1,R,2,44,24
2
1,R,-11,161,22
1,R,-33,189,8
1,R,-59,234,-16
1,R,-69,320,-52
1,R,-75,370,-55
1,R,-43,443,49
1,R,13,428,92
1,R,74,459,195
1,R,120,641,269
1,R,170,801,283
1,R,205,827,250
1,R,205,1008,190
1,R,253,888,159
1,R,260,936,133
1,R,265,1069,94
1,R,349,1067,14
1,R,439,1072,-24
1,R,522,990,-86
1,R,598,946,-76
1,R,635,1111,-111
1,R,602,1447,-225
1,R,573,1703,-310
1,R,574,1784,-372
1,R,739,1430,-390
1,R,862,1273,-375
1,R,958,1166,-317
1,R,1045,1152,-269
1,R,1119,1226,-221
1,R,1177,1218,-253
1,R,1144,1309,-189
1,R,1266,1205,-222
1,R,1355,1174,-229
1,R,1308,1179,-141
1,R,1213,1085,29

1,R,1188,808,155

1,R,1273,486,400

1,R,1316,299,446

1,R,1301,140,384

1,R,1163,-86,226

1,R,1113,-531,105
1,R,1083,-900,68
1,R,1208,-1229,248
1,R,1230,-1285,556
1,R,1240,-1371,785
1,R,1269,-1363,775
1,R,1271,-1332,699
1,R,1209,-1497,665
1,R,1186,-1328,503
1,R,1178,-1156,397
1,R,1153,-1060,396
1,R,1079,-1005,433
1,R,1008,-989,410
1,R,811,-865,180
1,R,715,-752,45
1,R,627,-635,-45
1,R,551,-535,-47
1,R,497,-484,-62
1,R,434,-462,-69
1,R,367,-409,-15
1,R,345,-329,-18
1,R,337,-253,-32
1,R,329,-192,-48
1,R,316,-119,-86
1,R,298,-96,-123
1,R,319,-311,-47
1,R,367,-372,-37
1,R,433,-368,-44
1,R,496,-297,-29
1,R,558,-219,31
1,R,621,-155,51
1,R,649,-106,18
1,R,694,-53,-6
1,R,811,56,-41
1,R,971,195,-38
1,R,1099,287,33
1,R,1149,340,93
1,R,1185,352,120
1,R,1174,369,54
1,R,1194,359,66
1,R,1303,306,220
1,R,1442,269,429
1,R,1536,256,567
1,R,1663,218,680
1,R,1597,183,743
1,R,1610,370,673
1,R,1636,459,566
1,R,1651,583,452
1,R,1611,715,326
1,R,1519,726,270
1,R,1461,658,249
1,R,1410,568,228
1,R,1374,495,196
1,R,1424,405,255
1,R,1458,335,350
1,R,1293,236,264
1,R,1295,25,241
1,R,1180,81,250
1,R,1164,207,167
1,R,1165,236,-7
1,R,1138,238,-99
1,R,1039,116,209
1,R,1047,82,289
1,R,1065,126,233
1,R,1054,179,188
1,R,1027,180,198
1,R,1014,156,208
1,R,969,112,164
1,R,945,91,165
1,R,941,91,170
1,R,961,72,191
1,R,973,82,178
1,R,974,108,179
1,R,964,100,220
1,R,962,113,175
1,R,957,107,146
1,R,973,95,164
1,R,994,121,193
1,R,1007,166,213
1,R,1003,155,204
1,R,1010,114,210
1,R,1007,127,210
1,R,993,138,190
1,R,979,124,177
1,R,991,153,168
1,R,996,158,173
1,R,1007,141,189
1,R,1005,128,191
1,R,1008,102,185
1,R,1006,72,193
1,R,991,60,156
1,R,979,61,144
1,R,971,76,149
1,R,968,105,157
1,R,979,121,174
1,R,1001,132,214
1,R,1020,137,217
1,R,1008,107,178
1,R,997,61,161

1,R,985,37,145

1,R,972,40,133

>Please insert the letter you are going to draw: 
>Acquisition of [R] letter 
2,R,951,-2,152

2,R,935,-4,138

2,R,928,-23,125
2,R,919,-14,125
2,R,920,-5,134
2,R,955,-53,125
2,R,960,-81,131
2,R,972,-104,150
2,R,994,-105,173
2,R,1010,-78,165
2,R,1034,-56,157
2,R,1159,-108,173
2,R,1232,-182,194
2,R,1301,-229,221
2,R,1377,-248,236
2,R,1441,-242,236
2,R,1499,-288,228
2,R,1589,-127,159
2,R,1588,23,90

2,R,1627,120,33

2,R,1701,182,8

2,R,1777,176,0

2,R,1857,134,-19
2,R,1961,-96,3

2,R,1989,-251,-42
2,R,1996,-360,-78
2,R,1996,-447,-50
2,R,1996,-419,-17
2,R,1996,-386,-2
2,R,1883,-270,-24
2,R,1799,-204,-63
2,R,1697,-209,-107
2,R,1608,-239,-82
2,R,1518,-282,-55
2,R,1410,-357,-89
2,R,1420,-428,68
2,R,1554,-368,247
2,R,1569,-176,255
2,R,1379,-23,199
2,R,1171,0,149

2,R,1011,-53,52
2,R,744,-70,-169
2,R,631,-67,-225
2,R,595,-126,-227
2,R,618,-164,-82
2,R,671,-122,159
2,R,703,-5,282

2,R,589,-16,445
2,R,515,-198,474
2,R,424,-256,379
2,R,315,-129,227
2,R,216,0,86
7
2,R,152,55,-82

2,R,68,168,-159
2,R,66,241,-118
2,R,101,277,-81
2,R,176,200,25
2,R,303,69,210
2,R,445,-176,468
2,R,469,-238,431
2,R,501,-258,293
2,R,511,-261,145
2,R,497,-260,61
2,R,490,-219,50
2,R,570,-208,140
2,R,594,-225,182
2,R,629,-237,217
2,R,709,-325,244
2,R,790,-400,254
2,R,799,-459,250
2,R,757,-624,189
2,R,824,-697,179
2,R,804,-786,181
2,R,764,-763,194
2,R,734,-683,231
2,R,717,-625,241
2,R,657,-482,210
2,R,622,-444,184
2,R,591,-395,142
2,R,545,-269,75
2,R,501,-113,3
2,R,482,39,-37
2,R,430,298,20
2,R,394,351,16
2,R,364,355,-3
2,R,359,275,-46
2,R,361,209,-107
2,R,343,232,-150
2,R,328,502,-90
2,R,291,754,-37
2,R,251,947,-15
2,R,258,1024,-44
2,R,275,920,-79
2,R,332,759,-67
2,R,469,609,-4
2,R,491,666,86
2,R,529,794,136
2,R,547,904,148
2,R,538,996,130
2,R,549,1136,36
2,R,759,1160,-21
2,R,859,1111,-23
2,R,942,1009,-101
2,R,982,1044,-149
2,R,989,1086,-134
2,R,998,1157,-110
2,R,1062,1445,-58
2,R,1124,1549,-75
2,R,1181,1638,-160
2,R,1223,1622,-233
2,R,1256,1501,-260
2,R,1279,1322,-260
2,R,1231,1154,-224
2,R,1202,1014,-176
2,R,1175,869,-140
2,R,1253,636,-59
2,R,1141,471,-61
2,R,1219,115,38
2,R,1307,-190,266
2,R,1248,-307,275
2,R,1210,-449,213
2,R,1202,-600,164
2,R,1161,-667,92
2,R,1070,-679,-9
2,R,1044,-704,67
2,R,1097,-826,186
2,R,1176,-905,302
2,R,1219,-891,404
2,R,1250,-807,474
2,R,1194,-589,469
2,R,1148,-501,452
2,R,1112,-480,401
2,R,1068,-494,350
2,R,1037,-497,313
2,R,1015,-489,294
2,R,948,-413,268
2,R,922,-437,204
2,R,906,-436,163
2,R,877,-397,133
2,R,814,-306,92
2,R,789,-255,86
2,R,704,-215,-7
2,R,651,-203,-209
2,R,560,-306,-198
2,R,476,-451,-123
2,R,460,-538,-108
2,R,467,-505,-103
2,R,442,-348,-38
2,R,411,-287,-71
2,R,365,-258,-119
2,R,300,-216,-152
2,R,262,-237,-183
2,R,275,-335,-230
2,R,356,-436,-213
2,R,383,-348,-133
2,R,419,-236,-35
2,R,486,-142,13
2,R,525,-103,-20
2,R,541,-118,-65
2,R,562,-322,-68
2,R,586,-358,51
2,R,701,-237,67
2,R,879,-74,111
2,R,1013,155,180
2,R,1045,353,235
2,R,1199,435,260
2,R,1260,582,190
2,R,1402,598,174
2,R,1515,597,147
2,R,1546,651,143
2,R,1536,638,215
2,R,1441,507,107
2,R,1494,586,191
2,R,1590,744,333
2,R,1721,939,405
2,R,1790,986,413
2,R,1814,869,407
2,R,1789,577,465
2,R,1793,496,559
2,R,1767,491,518
2,R,1718,487,465
2,R,1669,402,450
2,R,1626,317,389
2,R,1479,199,317
2,R,1381,203,258
2,R,1303,199,243
2,R,1255,196,219
2,R,1227,215,226
2,R,1199,209,249
2,R,1159,208,227
2,R,1145,216,206
2,R,1145,207,188
2,R,1150,198,199
2,R,1135,199,204
2,R,1093,166,237
2,R,1051,133,201
2,R,992,114,127
2,R,948,74,83

2,R,931,59,81

2,R,932,87,105
>Please insert the letter you are going to draw: 
>Acquisition of [R] letter 
3,R,881,44,96
3,R,893,35,112
3,R,966,7,195
3,R,1004,-17,250
3,R,1029,-34,251
3,R,1051,-51,224
3,R,1083,-43,213
3,R,1113,-15,198
3,R,1188,77,188
3,R,1222,117,162
3,R,1283,87,154
3,R,1380,33,113
3,R,1495,-36,121
3,R,1750,-47,261
3,R,1875,-62,315
3,R,1936,-86,304
3,R,1920,-58,238
3,R,1881,-24,201
3,R,1832,26,135
3,R,1664,62,-17
3,R,1617,-38,-126
3,R,1596,-162,-167
3,R,1610,-228,-195
3,R,1617,-250,-214
3,R,1657,-378,-57
3,R,1786,-445,189
3,R,1780,-341,350
3,R,1746,-234,418
3,R,1655,-114,382
3,R,1551,-68,291
3,R,1468,-53,194
3,R,1304,-137,38
3,R,1293,-250,0
3,R,1200,-211,-37
3,R,1152,-200,-113
3,R,1150,-199,-166
3,R,1135,-164,-82
3,R,1177,134,107
3,R,1148,294,94
3,R,1082,323,8
3,R,996,317,-137
3,R,911,251,-232
3,R,841,121,-252
3,R,752,-47,-190
3,R,700,-59,-163
3,R,636,-63,-127
3,R,627,-107,29
3,R,678,-86,167
3,R,720,-45,361
3,R,660,149,721
3,R,523,192,709
3,R,436,-60,637
3,R,418,-399,478
3,R,367,-536,323
3,R,267,-505,246
3,R,152,-308,79
3,R,157,-289,-7
3,R,168,-273,-89
3,R,159,-244,-128
3,R,197,-202,-115
3,R,278,-133,-34
3,R,433,-47,167
3,R,495,-10,190
3,R,534,5,153

3,R,542,23,88

3,R,530,17,26

3,R,530,10,-30
3,R,546,-159,-12
3,R,576,-454,95
3,R,649,-646,241
3,R,722,-665,316
3,R,731,-719,362
3,R,769,-758,449
3,R,728,-827,389
3,R,660,-847,283
3,R,595,-782,153
3,R,523,-643,59
3,R,455,-428,-5
3,R,348,-357,-172
3,R,347,-521,-293
3,R,321,-560,-417
3,R,294,-469,-524
3,R,291,-366,-537
3,R,290,-202,-352
3,R,440,354,-6

3,R,452,588,110

3,R,475,658,126

3,R,514,599,42

3,R,535,425,-42

3,R,546,327,-132
3,R,565,755,-74
3,R,517,1139,13
3,R,462,1432,63
3,R,445,1634,59
3,R,461,1723,27
3,R,525,1563,-36
3,R,840,637,-69
3,R,986,555,-23
3,R,1060,811,58
3,R,1091,1147,93
3,R,1103,1377,72
3,R,1072,1442,-27
3,R,1001,1352,-318
3,R,983,1174,-416
3,R,996,1064,-462
3,R,1007,1042,-459
3,R,986,1025,-381
3,R,975,925,-331
3,R,1122,522,-239
3,R,1206,421,-152
3,R,1241,422,-68
3,R,1261,439,14
3,R,1283,440,62
3,R,1285,418,90
3,R,1242,193,10
3,R,1291,29,18
3,R,1146,44,-147
3,R,1096,-115,-163
3,R,1040,-114,-94
3,R,1028,-38,4

3,R,1247,-185,157
3,R,1304,-282,274
3,R,1359,-418,414
3,R,1431,-544,493
3,R,1468,-545,448
3,R,1432,-542,354
3,R,1246,-526,235
3,R,1259,-538,229
3,R,1317,-546,271
3,R,1338,-475,322
3,R,1342,-392,350
3,R,1327,-319,316
3,R,1272,-220,180
3,R,1224,-141,92
3,R,1162,-154,-9
3,R,1099,-188,-119
3,R,1049,-161,-176
3,R,991,-198,-128
3,R,972,-225,-42
3,R,919,-191,-9
3,R,1000,-248,30
3,R,985,-128,71
3,R,964,-100,15
3,R,858,-149,-117
3,R,798,-227,-71
3,R,759,-276,-76
3,R,732,-321,-95
3,R,718,-368,-88
3,R,679,-371,-12
3,R,578,-376,90
3,R,547,-400,53
3,R,508,-377,14
3,R,456,-306,-59
3,R,413,-279,-72
3,R,391,-307,-74
3,R,358,-332,-142
3,R,329,-320,-145
3,R,302,-316,-145
3,R,310,-314,-160
3,R,365,-341,-163
3,R,441,-381,-169
3,R,503,-338,-236
3,R,529,-267,-249
3,R,578,-180,-209
3,R,662,-100,-145
3,R,754,18,-132

3,R,777,159,-172
3,R,709,459,-166
3,R,765,413,-108
3,R,781,410,-14
3,R,854,421,12
3,R,1044,469,95
3,R,1197,545,321
3,R,1518,540,510
3,R,1588,537,482
3,R,1593,567,482
3,R,1587,522,486
3,R,1639,386,480
3,R,1706,238,390
3,R,1657,344,281
3,R,1623,416,335
3,R,1602,478,356
3,R,1553,531,311
3,R,1498,551,309
3,R,1487,537,370
3,R,1483,551,334
3,R,1450,526,318
3,R,1435,494,321
3,R,1411,467,330
3,R,1393,439,350
3,R,1366,409,273
3,R,1265,347,227
3,R,1220,360,212
3,R,1170,379,211
3,R,1139,396,204
3,R,1121,371,178
3,R,1088,252,222
3,R,1095,237,231
3,R,1088,258,237
3,R,1058,264,232
>Please insert the letter you are going to draw: 
>Acquisition of [R] letter 
4,R,929,9,302

4,R,940,35,319

4,R,939,68,317

4,R,910,85,278

4,R,894,67,230

4,R,900,30,248

4,R,941,4,275

4,R,973,-6,298

4,R,987,-3,288

4,R,972,2,235

4,R,950,2,191

4,R,907,-173,48
4,R,946,-198,-23
4,R,1033,-94,64
4,R,1134,22,264
4,R,1233,201,361
4,R,1283,339,386
4,R,1364,323,388
4,R,1430,293,424
4,R,1436,199,368
4,R,1481,72,255
4,R,1591,-54,162
4,R,1748,-196,175
4,R,1980,-297,343
4,R,1912,-190,321
4,R,1929,-160,240
4,R,1995,-171,84
4,R,1996,-16,0

4,R,1995,-3,81

4,R,1996,5,175

4,R,1990,29,263
4,R,1911,3,279
4,R,1833,-17,253
4,R,1734,-21,249
4,R,1610,-33,180
4,R,1478,-50,-43
4,R,1418,27,-168
4,R,1328,152,-263
4,R,1323,172,-193
4,R,1269,220,-132
4,R,1329,217,-149
4,R,1466,71,591

4,R,1299,-63,653
4,R,1200,-323,661
4,R,1080,-323,661
4,R,927,-169,511
4,R,777,-75,292
4,R,505,50,-104
4,R,432,87,-221
4,R,374,130,-213
4,R,343,136,-174
4,R,345,154,-96
4,R,381,253,87
4,R,282,597,288
4,R,223,443,136
4,R,205,173,-74
4,R,144,-17,-190
4,R,63,-31,-230
4,R,38,49,-190
4,R,80,170,-108
4,R,98,188,-134
4,R,147,111,-121
4,R,254,118,13

4,R,307,194,55

4,R,409,-73,-23
4,R,522,-221,-9
4,R,629,-242,-10
4,R,698,-233,-90
4,R,701,-180,-92
4,R,689,-33,32

4,R,751,-98,42

4,R,819,-420,101
4,R,920,-815,187
4,R,978,-1203,295
4,R,987,-1282,482
4,R,1023,-1319,626
4,R,1013,-1141,648
4,R,993,-1083,560
4,R,915,-1047,413
4,R,768,-1026,365
4,R,642,-915,305
4,R,553,-721,188
4,R,515,-461,48
4,R,481,-386,45
4,R,445,-368,62
4,R,421,-273,3
4,R,371,-90,-41
4,R,372,54,4

4,R,339,485,59
4,R,266,539,-9
4,R,177,602,-107
4,R,133,680,-243
4,R,128,697,-321
4,R,164,679,-314
4,R,341,558,-227
4,R,371,607,-131
4,R,364,662,-96
4,R,350,733,-122
4,R,329,880,-213
4,R,329,983,-290
4,R,419,936,-335
4,R,473,851,-286
4,R,519,932,-253
4,R,607,1003,-220
4,R,666,1046,-223
4,R,668,1155,-193
4,R,750,1537,-174
4,R,858,1554,-196
4,R,995,1435,-206
4,R,1032,1353,-110
4,R,1059,1230,-33
4,R,1109,1166,-23
4,R,1198,1222,62
4,R,1195,1262,122
4,R,1172,1230,129
4,R,1199,1042,170
4,R,1221,886,197
4,R,1329,672,239
4,R,1137,485,52
4,R,1210,406,40
4,R,1246,326,151
4,R,1275,236,260
4,R,1312,119,314
4,R,1402,-203,448
4,R,1329,-390,475
4,R,1247,-642,437
4,R,1255,-895,341
4,R,1323,-1110,252
4,R,1344,-1256,200
4,R,1372,-1045,265
4,R,1453,-929,343
4,R,1447,-807,419
4,R,1358,-715,410
4,R,1257,-716,301
4,R,1177,-779,172
4,R,1039,-631,-12
4,R,998,-463,-26
4,R,996,-301,13
4,R,1022,-231,91
4,R,1040,-187,182
4,R,1032,-233,221
4,R,908,-330,109
4,R,828,-330,13
4,R,772,-310,-91
4,R,731,-291,-176
4,R,685,-298,-208
4,R,628,-311,-195
4,R,555,-398,-97
4,R,555,-494,-40
4,R,552,-540,-9
4,R,516,-554,25
4,R,447,-506,49
4,R,415,-469,20
4,R,286,-298,-87
4,R,243,-193,-117
4,R,237,-109,-182
4,R,340,-139,-134
4,R,498,-208,-10
4,R,644,-212,162
4,R,747,-105,363
4,R,745,-75,307
4,R,746,-91,218
4,R,746,-182,183
4,R,741,-319,113
4,R,692,-301,88
4,R,717,123,68
4,R,844,297,81
4,R,989,312,164
4,R,1129,221,279
4,R,1281,51,388
4,R,1437,-3,483
4,R,1425,261,468
4,R,1318,462,367
4,R,1183,606,289
4,R,1130,694,264
4,R,1178,705,236
4,R,1315,543,300
4,R,1601,349,458
4,R,1643,467,608
4,R,1602,554,644
4,R,1535,612,560
4,R,1480,634,487
4,R,1494,488,389
4,R,1496,516,428
4,R,1470,567,456
4,R,1456,637,494
4,R,1427,713,522
4,R,1384,734,489
4,R,1335,590,348
4,R,1285,470,337
4,R,1244,350,375
4,R,1206,271,332
4,R,1164,249,269
4,R,1122,260,267
4,R,1077,345,301
4,R,1056,376,255
4,R,1037,374,231
4,R,1019,346,228
4,R,1023,317,241
4,R,1045,302,273
>Please insert the letter you are going to draw: 
>Acquisition of [R] letter 
5,R,947,71,299

5,R,936,44,293

5,R,989,20,291

5,R,1027,63,331
5,R,1064,109,368
5,R,1105,159,367
5,R,1150,185,342
5,R,1206,177,339
5,R,1335,141,380
5,R,1400,136,376
5,R,1499,125,393
5,R,1626,99,459
5,R,1726,56,510
5,R,1788,-49,451
5,R,1790,-91,387
5,R,1798,-137,334
5,R,1823,-147,276
5,R,1846,-119,262
5,R,1869,-109,288
5,R,1936,-27,401
5,R,1981,-100,455
5,R,1993,-213,517
5,R,1927,-192,438
5,R,1823,-113,288
5,R,1747,-7,209

5,R,1578,2,133

5,R,1493,-126,15
5,R,1395,-315,-96
5,R,1381,-560,-28
5,R,1407,-664,183
5,R,1563,-652,590
5,R,1726,-69,950
5,R,1531,153,793
5,R,1306,113,519
5,R,1174,-52,251
5,R,1026,-111,126
5,R,883,-88,89

5,R,750,-36,12

5,R,715,-84,67

5,R,753,-267,135
5,R,852,-372,237
5,R,851,-289,246
5,R,741,-155,161
5,R,445,73,63

5,R,372,185,-25
5,R,365,181,-77
5,R,370,118,-160
5,R,336,48,-176
5,R,288,8,-135
5,R,335,-132,74
5,R,394,-262,224
5,R,449,-268,324
5,R,457,-85,349
5,R,349,79,297
5,R,234,131,225
5,R,152,36,-9

5,R,146,-9,-41
5,R,165,-69,-41
5,R,213,-105,-24
5,R,275,-101,-52
5,R,299,-80,-36
5,R,416,-147,-5
5,R,438,-67,-31
5,R,413,16,-96
5,R,433,22,-156
5,R,467,-5,-189
5,R,522,-245,-186
5,R,569,-439,-132
5,R,606,-620,-33
5,R,644,-791,98
5,R,680,-906,266
5,R,739,-1004,407
5,R,801,-921,511
5,R,789,-790,514
5,R,718,-712,443
5,R,628,-605,357
5,R,568,-543,258
5,R,480,-537,131
5,R,333,-323,-55
5,R,303,-88,-104
5,R,314,108,-124
5,R,365,151,-120
5,R,481,134,-104
5,R,520,69,-80

5,R,450,454,-24
5,R,411,648,-79
5,R,371,824,-58
5,R,379,926,-77
5,R,411,912,-146
5,R,483,729,-205
5,R,614,639,-172
5,R,617,764,-107
5,R,610,886,-71
5,R,582,1080,-94
5,R,557,1251,-137
5,R,579,1294,-244
5,R,768,896,-252
5,R,872,595,-194
5,R,972,461,-108
5,R,1012,719,-6
5,R,1013,1105,25
5,R,996,1316,12
5,R,1014,1387,-53
5,R,1034,1199,-121
5,R,1095,1019,-196
5,R,1174,946,-218
5,R,1237,892,-204
5,R,1266,875,-70
5,R,1363,976,22
5,R,1467,948,81
5,R,1610,770,144
5,R,1473,652,214
5,R,1356,499,282
5,R,1208,187,141
5,R,1261,-98,50
5,R,1379,-294,60
5,R,1458,-258,159
5,R,1456,-205,310
5,R,1396,-230,385
5,R,1294,-595,330
5,R,1232,-693,213
5,R,1191,-677,89
5,R,1188,-583,0
5,R,1231,-520,15
5,R,1263,-430,87
5,R,1276,-256,101
5,R,1294,-323,71
5,R,1289,-368,46
5,R,1237,-360,-2
5,R,1157,-350,-61
5,R,1078,-319,-129
5,R,966,-259,-162
5,R,933,-214,-165
5,R,911,-204,-127
5,R,919,-215,-72
5,R,967,-231,14
5,R,1021,-196,122
5,R,949,-95,127

5,R,862,-86,31

5,R,782,-148,-79
5,R,705,-226,-135
5,R,641,-295,-122
5,R,587,-357,-85
5,R,496,-410,14
5,R,488,-402,60
5,R,488,-383,72
5,R,460,-337,58
5,R,406,-297,14
5,R,350,-290,-43
5,R,292,-309,-47
5,R,307,-339,-11
5,R,329,-306,-5
5,R,360,-217,-31
5,R,421,-188,-49
5,R,534,-237,-47
5,R,835,-317,127
5,R,939,-224,178
5,R,1029,-69,168
5,R,967,104,68

5,R,890,230,-110
5,R,891,269,-298
5,R,1059,488,-23
5,R,1208,558,228
5,R,1344,551,424
5,R,1410,398,509
5,R,1459,287,486
5,R,1433,309,305
5,R,1386,434,336
5,R,1327,550,363
5,R,1318,529,394
5,R,1379,443,463
5,R,1438,385,502
5,R,1434,494,532
5,R,1429,568,487
5,R,1364,595,412
5,R,1327,564,359
5,R,1353,475,318
5,R,1414,364,314
5,R,1479,339,415
5,R,1496,385,480
5,R,1492,363,466
5,R,1504,348,451
5,R,1488,397,447
5,R,1421,434,443
5,R,1267,369,313
5,R,1210,360,285
5,R,1161,343,295
5,R,1122,305,304
5,R,1108,290,275
5,R,1101,295,279
5,R,1103,261,294
5,R,1095,269,299
5,R,1082,271,292
5,R,1043,295,252
5,R,1005,280,241
5,R,979,279,239
5,R,985,268,255
5,R,999,259,272
5,R,993,250,293
5,R,967,208,273
>Please insert the letter you are going to draw: 
>Acquisition of [R] letter 
6,R,987,77,219
6,R,1026,87,229
6,R,1071,127,240
6,R,1117,164,234
6,R,1182,156,248
6,R,1375,178,269
6,R,1470,201,302
6,R,1540,227,310
6,R,1596,209,357
6,R,1662,124,370
6,R,1729,38,341
6,R,1850,-86,305
6,R,1910,-144,260
6,R,1962,-200,217
6,R,1996,-262,215
6,R,1996,-313,286
6,R,1996,-360,330
6,R,1930,-347,308
6,R,1925,-347,366
6,R,1927,-378,394
6,R,1889,-337,399
6,R,1812,-296,386
6,R,1736,-259,360
6,R,1517,-105,342
6,R,1456,-56,403
6,R,1424,-18,415
6,R,1369,-6,377
6,R,1306,0,336
6,R,1275,0,315
6,R,1210,-12,203
6,R,1057,126,257
6,R,1017,175,326
6,R,1306,-41,131
6,R,1391,-187,-163
6,R,1166,-164,-188
6,R,768,-246,-57

6,R,739,-233,-230
6,R,716,-168,-390
6,R,702,-203,-295
6,R,721,-344,-52
6,R,743,-364,175
6,R,604,-179,260
6,R,521,-40,247
6,R,421,78,123
6,R,306,141,28
6,R,234,220,-14
6,R,171,319,58
6,R,166,289,80
6,R,156,217,10
6,R,123,117,-42
6,R,112,-73,-68
6,R,120,-176,-75
6,R,145,-117,-64
6,R,241,5,6
64
6,R,302,42,86

6,R,362,73,181

6,R,415,85,182

6,R,450,79,135

6,R,509,-64,176
6,R,599,-218,177
6,R,658,-290,170
6,R,659,-276,170
6,R,623,-253,139
6,R,599,-301,68
6,R,621,-578,30
6,R,652,-738,32
6,R,632,-788,110
6,R,687,-762,288
6,R,797,-686,446
6,R,896,-605,453
6,R,810,-304,384
6,R,646,-215,327
6,R,526,-213,199
6,R,457,-233,42
6,R,422,-257,-73
6,R,420,-320,-125
6,R,399,-109,-190
6,R,341,161,-130
6,R,338,360,-94
6,R,375,424,-93
6,R,398,402,-93
6,R,407,396,-131
6,R,437,555,-213
6,R,430,549,-246
6,R,403,563,-275
6,R,372,600,-305
6,R,352,625,-300
6,R,379,663,-259
6,R,471,1007,-266
6,R,506,1116,-322
6,R,554,1075,-372
6,R,601,983,-424
6,R,636,879,-433
6,R,657,847,-405
6,R,696,1113,-319
6,R,704,1210,-259
6,R,740,1318,-317
6,R,797,1323,-394
6,R,851,1190,-405
6,R,923,1106,-352
6,R,1039,1308,-263
6,R,1073,1295,-255
6,R,1078,1250,-255
6,R,1111,1243,-285
6,R,1176,1219,-274
6,R,1236,1188,-195
6,R,1225,1072,-55
6,R,1185,953,-79
6,R,1257,733,-16
6,R,1101,688,-150
6,R,1006,504,-199
6,R,1031,350,-194
6,R,1134,66,-130
6,R,1146,10,-14
6,R,1191,-65,107
6,R,1203,-279,241
6,R,1291,-594,387
6,R,1542,-719,589
6,R,1609,-593,512
6,R,1605,-438,335
6,R,1547,-316,202
6,R,1457,-196,104
6,R,1396,-175,-3
6,R,1310,-431,-34
6,R,1267,-462,15
6,R,1245,-443,36
6,R,1244,-442,62
6,R,1264,-367,148
6,R,1277,-297,217
6,R,1152,-331,153
6,R,1101,-338,60
6,R,1083,-322,-70
6,R,967,-242,-147
6,R,859,-180,-186
6,R,823,-179,-225
6,R,798,-162,-190
6,R,851,-259,-70
6,R,880,-263,19
6,R,925,-328,-38
6,R,853,-301,31
6,R,749,-347,118
6,R,617,-349,34
6,R,571,-300,-27
6,R,545,-260,-63
6,R,525,-246,-45
6,R,504,-236,-2
6,R,477,-184,27
6,R,491,-90,-18
6,R,515,-50,-64
6,R,491,7,-87

6,R,434,5,-123
6,R,397,-78,-147
6,R,413,-188,-192
6,R,578,-173,-176
6,R,637,-46,-92

6,R,684,116,18

6,R,776,281,111

6,R,850,397,154

6,R,894,338,154

6,R,790,275,-102
6,R,735,233,-231
6,R,755,160,-266
6,R,852,185,-105
6,R,974,277,114
6,R,1147,337,272
6,R,1362,400,332
6,R,1447,282,357
6,R,1503,226,354
6,R,1469,232,315
6,R,1366,286,249
6,R,1268,345,179
6,R,1262,499,207
6,R,1347,562,246
6,R,1427,610,321
6,R,1511,572,393
6,R,1558,539,448
6,R,1509,538,448
6,R,1474,484,430
6,R,1437,484,355
6,R,1381,485,284
6,R,1347,448,261
6,R,1309,438,275
6,R,1241,389,285
6,R,1249,367,326
6,R,1302,354,402
6,R,1331,403,417
6,R,1286,449,350
6,R,1197,420,288
6,R,1124,268,229
6,R,1106,230,248
6,R,1106,234,317
6,R,1128,262,356
6,R,1128,273,327
6,R,1116,273,309
6,R,1076,277,267
6,R,1068,283,279
6,R,1068,269,315
6,R,1073,250,317
6,R,1060,252,293
6,R,1024,248,250
>Please insert the letter you are going to draw: 
>Acquisition of [R] letter 
7,R,1129,74,334
7,R,1143,110,338
7,R,1141,130,301
7,R,1110,61,200
7,R,1099,-21,111
7,R,1127,-50,25
7,R,1204,42,10
7,R,1329,130,106
7,R,1508,180,252
7,R,1822,141,421
7,R,1862,124,429
7,R,1900,72,417
7,R,1951,-26,363
7,R,1961,-74,312
7,R,1938,-66,318
7,R,1927,-87,321
7,R,1897,-73,324
7,R,1859,-77,329
7,R,1832,-144,368
7,R,1805,-208,414
7,R,1832,-242,562
7,R,1917,-72,1001
7,R,1810,52,877

7,R,1674,122,664
7,R,1528,140,554
7,R,1404,118,419
7,R,1316,97,242
7,R,1367,-69,-27
7,R,1344,-84,-40
7,R,1242,-145,56
7,R,1179,-239,183
7,R,1205,-341,192
7,R,1325,-321,271
7,R,1322,283,421
7,R,1435,192,274
7,R,1379,230,-142
7,R,1070,66,-51

7,R,775,-121,-15
7,R,639,-205,-165
7,R,484,-128,-343
7,R,416,86,-14

7,R,423,126,111

7,R,444,32,98


7,R,381,-32,79

7,R,265,28,73

7,R,77,188,80

7,R,31,79,-39

7,R,-5,-141,-140
7,R,-27,-274,-174
7,R,-9,-305,-177
7,R,5,-303,-142
7,R,153,-276,196
7,R,295,-198,354
7,R,371,-143,395
7,R,374,-131,396
7,R,384,-230,366
7,R,404,-364,355
7,R,421,-861,263
7,R,412,-1002,220
7,R,395,-924,170
7,R,385,-835,134
7,R,376,-754,207
7,R,410,-665,330
7,R,430,-572,451
7,R,443,-635,448
7,R,401,-631,413
7,R,353,-537,330
7,R,299,-373,217
7,R,260,-230,70
7,R,137,-59,60
7,R,64,7,22

7,R,45,83,-80
7,R,75,163,-171
7,R,133,308,-190
7,R,264,366,-57
7,R,308,427,-35
7,R,321,583,-69
7,R,343,814,-110
7,R,370,1110,-196
7,R,393,1310,-291
7,R,436,1091,-415
7,R,492,828,-441
7,R,539,785,-442
7,R,573,900,-368
7,R,638,1055,-271
7,R,750,1199,-233
7,R,772,1705,-360
7,R,857,1615,-424
7,R,953,1557,-458
7,R,1010,1579,-428
7,R,1081,1536,-413
7,R,1110,1504,-465
7,R,1097,1522,-457
7,R,1122,1558,-439
7,R,1150,1551,-372
7,R,1179,1422,-321
7,R,1163,1419,-273
7,R,1096,1301,-165
7,R,1065,477,-207
7,R,1068,210,-174
7,R,1054,156,-115
7,R,1029,202,-27
7,R,1035,141,87
7,R,1100,-105,172
7,R,1239,-569,320
7,R,1230,-696,331
7,R,1201,-842,299
7,R,1219,-982,242
7,R,1211,-1022,125
7,R,1248,-1093,86
7,R,1242,-1132,173
7,R,1318,-1135,147
7,R,1342,-1094,246
7,R,1377,-1075,343
7,R,1426,-1035,433
7,R,1496,-1018,482
7,R,1408,-850,436
7,R,1312,-745,334
7,R,1199,-665,254
7,R,1102,-629,75
7,R,1028,-580,-100
7,R,925,-521,-183
7,R,693,-477,-206
7,R,613,-549,-230
7,R,533,-620,-212
7,R,471,-670,-198
7,R,422,-666,-188
7,R,364,-651,-218
7,R,275,-608,-185
7,R,294,-578,-123
7,R,315,-514,-88
7,R,318,-441,-44
7,R,314,-364,-6
7,R,295,-307,-124
7,R,262,-371,-219
7,R,263,-421,-275
7,R,293,-381,-280
7,R,358,-275,-221
7,R,444,-135,-120
7,R,549,180,77

7,R,586,247,114

7,R,625,231,59

7,R,636,240,-51

7,R,668,277,-132
7,R,727,269,-176
7,R,1040,340,158
7,R,1232,326,448
7,R,1399,308,582
7,R,1525,279,544
7,R,1485,252,482
7,R,1402,183,378
7,R,1317,331,197
7,R,1262,489,242
7,R,1350,590,238
7,R,1513,699,412
7,R,1716,684,596
7,R,1935,590,673
7,R,1996,562,831
7,R,1996,512,822
7,R,1979,433,639
7,R,1789,421,455
7,R,1585,351,343
7,R,1429,247,201
7,R,1323,123,157
7,R,1343,70,242
7,R,1395,51,338
7,R,1445,61,399
7,R,1445,86,405
7,R,1380,165,335
7,R,1177,236,160
7,R,1123,226,112
7,R,1107,238,105
7,R,1090,246,145
7,R,1100,213,183
7,R,1142,150,241
7,R,1207,80,317
7,R,1191,85,337
7,R,1165,68,297
7,R,1143,67,266
7,R,1093,100,221
7,R,1055,97,184
7,R,1024,92,146
7,R,1038,100,170
7,R,1061,94,184
7,R,1053,76,173
7,R,1021,45,139
7,R,1011,31,123
7,R,1045,24,138
7,R,1052,42,150
7,R,1033,67,147
7,R,1003,86,119
7,R,980,89,94

7,R,964,69,69

7,R,950,34,47

7,R,954,26,63

7,R,972,-7,112
7,R,1000,5,136
7,R,1009,44,149
7,R,959,77,91

7,R,930,85,58

>Please insert the letter you are going to draw: 
>Acquisition of [R] letter 
8,R,963,69,370
8,R,970,75,373
8,R,971,70,363
8,R,973,50,361
8,R,994,59,350
8,R,1030,78,358
8,R,1087,101,386
8,R,1263,199,419
8,R,1352,235,423
8,R,1420,222,431
8,R,1486,194,472
8,R,1581,129,491
8,R,1707,22,515
8,R,1909,3,580
8,R,1916,42,544
8,R,1878,46,490
8,R,1862,3,404
8,R,1869,-80,299
8,R,1897,-195,212
8,R,1939,-293,210
8,R,1921,-257,202
8,R,1904,-265,203
8,R,1867,-264,256
8,R,1828,-277,320
8,R,1788,-310,332
8,R,1655,-342,325
8,R,1590,-340,289
8,R,1513,-331,209
8,R,1419,-333,99
8,R,1352,-348,0
8,R,1266,-318,-63
8,R,1311,-338,166
8,R,1422,-330,338
8,R,1500,-264,546
8,R,1459,-133,644
8,R,1296,-58,639
8,R,1108,-42,501
8,R,780,-21,90

8,R,638,3,-35

8,R,534,-17,-134
8,R,494,-55,-266
8,R,432,-57,-301
8,R,342,-2,-196
8,R,390,-5,-77
8,R,413,-29,11
8,R,369,-30,211
8,R,378,-17,403
8,R,432,37,385
8,R,393,92,191
8,R,182,96,-59
8,R,116,55,-118
8,R,93,12,-116
8,R,109,-19,-86
8,R,159,-58,-25
8,R,288,-114,85
8,R,661,-52,163
8,R,729,53,112
8,R,694,19,99
8,R,613,-212,79
8,R,530,-481,60
8,R,493,-682,29
8,R,486,-800,37
8,R,493,-770,114
8,R,509,-830,180
8,R,508,-792,255
8,R,559,-809,339
8,R,581,-739,389
8,R,564,-565,379
8,R,456,-494,360
8,R,347,-488,318
8,R,288,-509,238
8,R,255,-483,159
8,R,223,-480,100
8,R,200,-295,30
8,R,221,-137,36
8,R,277,-48,81
8,R,323,65,135
8,R,305,232,155
8,R,236,467,71
8,R,256,526,-34
8,R,267,511,-175
8,R,264,401,-213
8,R,296,388,-226
8,R,371,527,-268
8,R,406,775,-130
8,R,438,887,-104
8,R,446,1057,-76
8,R,447,1249,-36
8,R,484,1444,-100
8,R,552,1544,-235
8,R,709,1329,-460
8,R,762,1251,-474
8,R,783,1299,-400
8,R,789,1371,-335
8,R,791,1426,-273
8,R,812,1449,-195
8,R,917,1443,-261
8,R,980,1365,-383
8,R,1048,1249,-388
8,R,1120,1135,-358
8,R,1165,1140,-327
8,R,1192,1154,-295
8,R,1229,1148,-213
8,R,1292,1044,-191
8,R,1346,875,-212
8,R,1366,697,-197
8,R,1373,575,-220
8,R,1335,472,-217
8,R,1261,295,-143
8,R,1229,267,-45
8,R,1093,230,-14
8,R,1017,37,17

8,R,1113,-179,187
8,R,1371,-329,345
8,R,1388,-327,445
8,R,1416,-480,589
8,R,1463,-593,596
8,R,1483,-565,528
8,R,1456,-421,466
8,R,1425,-357,400
8,R,1361,-442,373
8,R,1370,-456,403
8,R,1364,-395,411
8,R,1350,-323,443
8,R,1336,-288,381
8,R,1284,-278,306
8,R,1168,-427,110
8,R,1091,-478,68
8,R,1026,-466,47
8,R,981,-392,31
8,R,964,-375,26
8,R,967,-403,31
8,R,936,-377,64
8,R,909,-365,41
8,R,888,-353,4
8,R,822,-328,-48
8,R,729,-289,-61
8,R,742,-284,70
8,R,755,-303,27
8,R,720,-352,25
8,R,651,-454,120
8,R,606,-489,124
8,R,548,-483,61
8,R,413,-408,-115
8,R,384,-397,-140
8,R,352,-383,-157
8,R,314,-380,-185
8,R,303,-339,-197
8,R,278,-242,-198
8,R,217,-84,-224
8,R,237,-65,-224
8,R,303,-72,-205
8,R,397,-53,-181
8,R,496,-1,-150
8,R,555,96,-87
8,R,607,181,-72
8,R,618,109,-139
8,R,642,2,-152

8,R,678,-56,-114
8,R,744,-52,21

8,R,846,-2,184

8,R,1095,205,343
8,R,1272,208,321
8,R,1338,243,374
8,R,1380,121,385
8,R,1418,-31,265
8,R,1395,-13,194
8,R,1286,402,279
8,R,1316,630,313
8,R,1379,862,341
8,R,1496,901,367
8,R,1646,755,432
8,R,1782,560,449
8,R,1885,436,540
8,R,1825,434,536
8,R,1681,425,475
8,R,1503,401,361
8,R,1360,389,278
8,R,1271,387,256
8,R,1297,232,209
8,R,1347,191,251
8,R,1431,200,395
8,R,1531,228,507
8,R,1558,247,534
8,R,1508,231,523
8,R,1296,147,339
8,R,1183,114,302
8,R,1112,50,259
8,R,1065,17,210
8,R,1045,19,231
8,R,1057,71,310
8,R,1093,171,329
8,R,1078,209,324
8,R,1034,221,314
8,R,999,211,289
8,R,964,211,254
8,R,927,212,225
8,R,905,156,221
8,R,932,111,233
8,R,953,79,248
>Please insert the letter you are going to draw: 
>Acquisition of [R] letter 
9,R,989,32,300
9,R,1023,8,333
9,R,1053,-6,358
9,R,1092,6,376
9,R,1105,43,362
9,R,1088,90,348
9,R,1083,122,327
9,R,1129,130,288
9,R,1165,128,308
9,R,1244,86,337
9,R,1340,76,325
9,R,1431,110,300
9,R,1518,86,372
9,R,1750,-44,408
9,R,1839,-70,371
9,R,1887,8,328

9,R,1907,117,284
9,R,1901,136,268
9,R,1882,76,297
9,R,1914,-193,369
9,R,1874,-336,373
9,R,1814,-406,345
9,R,1742,-438,261
9,R,1708,-500,196
9,R,1682,-540,265
9,R,1624,-546,408
9,R,1652,-556,472
9,R,1670,-584,525
9,R,1651,-576,601
9,R,1595,-530,634
9,R,1500,-466,603
9,R,1278,-415,432
9,R,1154,-367,269
9,R,1057,-344,89
9,R,984,-321,-43
9,R,993,-334,-94
9,R,1026,-364,109
9,R,1310,-507,641
9,R,1280,-510,676
9,R,1171,-452,672
9,R,989,-270,612
9,R,839,-50,462
9,R,758,64,336
9,R,669,168,180
9,R,574,213,202
9,R,471,286,253
9,R,407,333,237
9,R,355,257,163
9,R,287,134,109
9,R,144,35,92

9,R,141,70,44

9,R,146,143,17
9,R,158,198,55
9,R,193,216,90
9,R,227,220,57
9,R,191,139,-38
9,R,169,89,-97
9,R,154,42,-143
9,R,166,11,-197
9,R,175,16,-225
9,R,198,9,-223
9,R,383,-41,-142
9,R,470,-70,-88
9,R,536,-91,-45
9,R,599,-172,-5
9,R,644,-258,8
9,R,671,-295,13
9,R,709,-307,-18
9,R,699,-313,18
9,R,697,-397,71
9,R,722,-566,105
9,R,701,-640,95
9,R,647,-760,70
9,R,926,-708,247
9,R,974,-525,292
9,R,879,-442,346
9,R,802,-437,284
9,R,716,-401,190
9,R,654,-365,13
9,R,589,-167,-20
9,R,586,-63,-40
9,R,572,44,-94
9,R,549,35,-172
9,R,518,-109,-193
9,R,463,-155,-217
9,R,456,-67,-195
9,R,437,107,-167
9,R,416,340,-124
9,R,445,508,-121
9,R,412,662,16

9,R,445,819,-44
9,R,492,743,-156
9,R,525,575,-246
9,R,531,430,-265
9,R,523,383,-256
9,R,508,493,-212
9,R,593,916,-95
9,R,673,1009,-91
9,R,735,1041,-103
9,R,770,974,-161
9,R,776,807,-238
9,R,775,697,-311
9,R,821,848,-322
9,R,852,1031,-253
9,R,898,1224,-219
9,R,982,1281,-178
9,R,1076,1255,-221
9,R,1147,1204,-279
9,R,1211,1031,-352
9,R,1179,925,-406
9,R,1156,839,-466
9,R,1121,799,-540
9,R,1086,711,-542
9,R,1083,577,-459
9,R,1211,478,-382
9,R,1104,512,-384
9,R,1156,343,-297
9,R,1231,110,-174
9,R,1269,-82,-82
9,R,1272,-133,-41
9,R,1462,-396,161
9,R,1566,-429,223
9,R,1515,-325,239
9,R,1420,-159,216
9,R,1392,-67,157
9,R,1418,-87,73
9,R,1383,17,59
9,R,1389,-11,22
9,R,1391,-152,51
9,R,1396,-302,108
9,R,1390,-347,143
9,R,1344,-312,131
9,R,1192,-190,-18
9,R,1118,-176,-78
9,R,1043,-165,-145
9,R,967,-132,-186
9,R,924,-141,-203
9,R,913,-148,-200
9,R,913,-145,-161
9,R,923,-81,-94

9,R,943,-55,-30

9,R,958,-46,18

9,R,928,-35,21

9,R,874,-19,-12

9,R,742,-100,-56
9,R,624,-175,-92
9,R,647,-329,-74
9,R,650,-362,-9
9,R,673,-443,-2
9,R,659,-457,26
9,R,584,-552,34
9,R,527,-559,-28
9,R,461,-599,-106
9,R,407,-645,-184
9,R,364,-613,-230
9,R,319,-317,-175
9,R,331,-217,-165
9,R,357,-171,-150
9,R,348,-155,-131
9,R,341,-205,-119
9,R,367,-310,-133
9,R,506,-373,-24
9,R,586,-251,66
9,R,679,-53,176
9,R,714,159,164
9,R,700,342,91
9,R,711,477,-13
9,R,845,538,-166
9,R,993,505,-103
9,R,1153,455,46
9,R,1327,364,206
9,R,1510,345,285
9,R,1646,407,281
9,R,1738,640,327
9,R,1715,672,331
9,R,1656,656,245
9,R,1624,559,216
9,R,1648,415,169
9,R,1675,260,200
9,R,1736,168,214
9,R,1735,217,250
9,R,1712,276,309
9,R,1679,326,373
9,R,1647,315,369
9,R,1587,274,322
9,R,1396,274,186
9,R,1316,287,157
9,R,1253,274,126
9,R,1212,254,120
9,R,1189,227,148
9,R,1170,159,167
9,R,1129,122,154
9,R,1106,136,173
9,R,1103,142,184
9,R,1084,172,138
9,R,1055,174,139
9,R,1043,167,174
9,R,1051,121,184
9,R,1063,97,198
9,R,1056,59,186
>Please insert the letter you are going to draw: 
>Acquisition of [R] letter 
10,R,1056,40,264
10,R,1057,54,240
10,R,1127,42,249
10,R,1191,67,263
10,R,1252,79,271
10,R,1310,38,258
10,R,1373,11,267
10,R,1437,0,252
10,R,1590,8,216
10,R,1674,-3,228
10,R,1802,-142,266
10,R,1912,-261,305
10,R,1966,-167,299
10,R,1965,3,301

10,R,1947,131,295
10,R,1948,97,273
10,R,1940,34,248
10,R,1924,-82,197
10,R,1879,-225,176
10,R,1848,-330,282
10,R,1774,-438,470
10,R,1733,-394,435
10,R,1660,-304,356
10,R,1583,-209,260
10,R,1497,-141,216
10,R,1395,-89,156
10,R,1241,9,44

10,R,1191,25,43

10,R,1162,-31,94
10,R,1154,-85,182
10,R,1199,-145,273
10,R,1257,-184,388
10,R,1145,-355,337
10,R,1026,-365,191
10,R,912,-283,38

10,R,809,-165,-68
10,R,709,-35,-142
10,R,595,73,-138
10,R,495,158,-27
10,R,518,198,-29
10,R,539,217,-59
10,R,503,264,-104
10,R,439,295,-137
10,R,388,237,-90
10,R,358,86,112
10,R,324,163,163
10,R,268,216,245
10,R,254,171,244
10,R,247,125,150
10,R,216,95,69

10,R,139,-41,-92
10,R,153,-113,-146
10,R,183,-85,-155
10,R,224,-8,-62

10,R,323,-20,88

10,R,565,-239,283
10,R,583,-281,290
10,R,578,-325,225
10,R,563,-329,129
10,R,512,-287,72
10,R,489,-406,46
10,R,530,-772,114
10,R,521,-748,256
10,R,581,-625,410
10,R,679,-576,483
10,R,781,-453,503
10,R,768,-405,536
10,R,624,-381,383
10,R,482,-324,233
10,R,355,-244,87
10,R,283,-228,-54
10,R,269,-215,-157
10,R,286,-105,-153
10,R,378,-94,-77

10,R,458,41,-49

10,R,508,226,-20

10,R,518,412,4


10,R,515,591,-31

10,R,492,657,-111
10,R,452,665,-253
10,R,465,719,-318
10,R,484,760,-309
10,R,553,772,-257
10,R,648,815,-201
10,R,702,997,-171
10,R,729,1264,-210
10,R,744,1173,-259
10,R,758,1063,-262
10,R,764,1102,-266
10,R,803,1237,-327
10,R,832,1324,-409
10,R,884,1137,-533
10,R,890,1141,-562
10,R,864,1232,-618
10,R,847,1179,-687
10,R,860,1061,-714
10,R,914,938,-638
10,R,1056,1011,-540
10,R,1073,927,-506
10,R,1102,788,-519
10,R,1112,643,-523
10,R,1096,498,-469
10,R,1103,382,-400
10,R,1078,229,-375
10,R,1010,171,-337
10,R,1073,58,-209
10,R,1008,80,-169
10,R,985,-45,-68
10,R,1080,-211,100
10,R,1260,-591,263
10,R,1280,-621,250
10,R,1299,-538,351
10,R,1381,-409,425
10,R,1435,-302,474
10,R,1436,-276,539
10,R,1418,-613,550
10,R,1416,-712,504
10,R,1424,-633,473
10,R,1456,-515,386
10,R,1490,-411,320
10,R,1492,-326,324
10,R,1380,-240,329
10,R,1270,-235,217
10,R,1151,-195,52
10,R,1034,-137,-72
10,R,955,-81,-124
10,R,944,-17,-80
10,R,972,-153,-3
10,R,962,-176,16
10,R,953,-236,7
10,R,936,-301,-2
10,R,898,-316,18
10,R,701,-319,82
10,R,658,-356,55
10,R,675,-415,-25
10,R,683,-471,-65
10,R,694,-495,-73
10,R,659,-486,-105
10,R,657,-494,-16
10,R,661,-471,-30
10,R,620,-431,-131
10,R,529,-364,-167
10,R,462,-338,-176
10,R,454,-356,-203
10,R,451,-268,-221
10,R,454,-199,-159
10,R,474,-136,-69
10,R,536,-83,7

10,R,593,-23,5

10,R,587,65,4

10,R,592,22,44

10,R,610,-63,15

10,R,643,-71,-8

10,R,658,64,-24

10,R,729,244,-7

10,R,829,449,78

10,R,1104,542,222
10,R,1220,383,324
10,R,1317,264,368
10,R,1373,299,386
10,R,1406,459,405
10,R,1416,614,358
10,R,1486,769,319
10,R,1551,677,373
10,R,1609,515,443
10,R,1620,395,443
10,R,1584,350,408
10,R,1540,299,413
10,R,1555,240,416
10,R,1572,273,431
10,R,1595,288,453
10,R,1598,285,431
10,R,1577,267,443
10,R,1528,282,467
10,R,1394,273,320
10,R,1332,261,246
10,R,1274,238,224
10,R,1229,206,241
10,R,1198,176,252
10,R,1173,151,230
10,R,1166,112,261
10,R,1184,130,306
10,R,1192,141,326
10,R,1153,140,304
10,R,1098,134,263
10,R,1044,146,211
10,R,974,127,176
10,R,969,93,156
10,R,964,57,146
10,R,970,23,166
10,R,999,8,199
10,R,1030,3,226
10,R,1083,48,292
10,R,1080,42,273
10,R,1056,30,240
10,R,1017,0,208
10,R,995,-23,186
10,R,981,-40,160
10,R,968,-52,154
10,R,971,-54,154
>Please insert the letter you are going to draw: 
>Acquisition of [R] letter 
11,R,980,33,176
11,R,962,45,148
11,R,945,59,122
11,R,949,55,118
11,R,977,27,129
11,R,1098,-42,191
11,R,1170,-35,230
11,R,1235,-5,256
11,R,1280,42,229
11,R,1318,41,183
11,R,1383,15,155
11,R,1550,27,48
11,R,1652,18,56
11,R,1770,0,97
11,R,1866,-42,159
11,R,1933,-82,212
11,R,1956,-117,237
11,R,1982,-76,219
11,R,1967,-51,224
11,R,1926,-3,272
11,R,1859,66,322
11,R,1827,75,261
11,R,1821,-10,152
11,R,1700,-235,104
11,R,1671,-351,92
11,R,1691,-346,17
11,R,1683,-296,-50
11,R,1636,-243,-17
11,R,1489,-115,5

11,R,1412,-163,30
11,R,1415,-298,-16
11,R,1363,-386,-62
11,R,1307,-363,-4
11,R,1227,-355,67
11,R,1063,-299,30
11,R,952,-246,-71
11,R,858,-83,-134
11,R,799,178,-103
11,R,774,366,-9

11,R,758,397,58

11,R,814,93,282

11,R,740,11,160

11,R,636,35,85

11,R,498,78,31

11,R,360,181,-6

11,R,233,313,-7

11,R,56,289,-34

11,R,55,244,-54

11,R,98,256,-36

11,R,165,260,4

11,R,275,229,55

11,R,363,177,260
11,R,455,-186,319
11,R,416,-322,256
11,R,396,-312,190
11,R,369,-239,134
11,R,357,-211,108
11,R,385,-169,111
11,R,507,-106,129
11,R,559,-98,186
11,R,609,-217,228
11,R,688,-398,244
11,R,742,-543,272
11,R,730,-649,247
11,R,617,-746,220
11,R,537,-740,216
11,R,517,-718,205
11,R,540,-687,251
11,R,620,-594,367
11,R,663,-487,439
11,R,596,-380,390
11,R,537,-440,305
11,R,488,-415,150
11,R,440,-364,32
11,R,409,-278,-6
11,R,381,-187,-59
11,R,315,-67,-82
11,R,275,-31,-82
11,R,269,22,-164
11,R,243,170,-213
11,R,238,295,-213
11,R,338,560,-208
11,R,393,676,-198
11,R,442,775,-209
11,R,479,820,-207
11,R,510,827,-242
11,R,555,795,-279
11,R,659,853,-243
11,R,674,853,-312
11,R,659,876,-347
11,R,685,912,-359
11,R,793,972,-361
11,R,909,1116,-328
11,R,1075,1484,-264
11,R,1106,1500,-243
11,R,1097,1390,-221
11,R,1086,1253,-281
11,R,1085,1186,-383
11,R,1056,1150,-434
11,R,1093,934,-433
11,R,1143,919,-350
11,R,1200,856,-233
11,R,1224,819,-110
11,R,1301,743,-154
11,R,1381,695,-122
11,R,1436,393,108
11,R,1196,346,94
11,R,1010,156,108
11,R,1095,-2,92

11,R,1185,-207,-36
11,R,1210,-276,38
11,R,1465,-334,502
11,R,1617,-392,687
11,R,1722,-491,753
11,R,1761,-464,693
11,R,1740,-381,535
11,R,1707,-352,417
11,R,1560,-382,221
11,R,1415,-370,143
11,R,1298,-361,84
11,R,1239,-325,12
11,R,1220,-286,-44
11,R,1216,-303,-48
11,R,1158,-410,41
11,R,1156,-395,87
11,R,1167,-360,128
11,R,1142,-299,111
11,R,1056,-272,100
11,R,958,-268,5

11,R,803,-310,-166
11,R,741,-353,-204
11,R,694,-376,-181
11,R,661,-375,-116
11,R,646,-379,-67
11,R,640,-438,-25
11,R,648,-497,8

11,R,666,-532,5

11,R,689,-540,19
11,R,694,-476,48
11,R,657,-408,88
11,R,576,-326,48
11,R,544,-251,6
11,R,554,-224,18
11,R,520,-181,46
11,R,535,-170,-38
11,R,571,-100,-101
11,R,544,-4,-98

11,R,555,64,-23

11,R,565,114,7

11,R,651,124,18

11,R,750,93,54

11,R,843,70,62

11,R,1067,176,216
11,R,1096,282,306
11,R,1123,353,283
11,R,1119,400,151
11,R,1057,389,16
11,R,1055,328,-65
11,R,1141,282,57
11,R,1198,406,211
11,R,1276,515,296
11,R,1378,605,315
11,R,1487,669,365
11,R,1548,614,434
11,R,1633,332,419
11,R,1620,313,317
11,R,1562,412,274
11,R,1505,451,245
11,R,1472,469,236
11,R,1451,518,240
11,R,1435,447,255
11,R,1428,429,276
11,R,1410,408,271
11,R,1391,414,264
11,R,1382,452,295
11,R,1360,456,306
11,R,1235,345,205
11,R,1174,248,166
11,R,1107,160,121
11,R,1055,105,101
11,R,1071,129,149
11,R,1121,189,214
11,R,1152,203,283
11,R,1115,181,292
11,R,1079,148,245
11,R,1042,150,194
11,R,1011,173,178
11,R,998,195,196
11,R,1001,191,209
11,R,1008,170,224
11,R,1014,125,223
11,R,1019,87,205
11,R,1009,77,212
11,R,1014,99,231
11,R,1020,150,208
11,R,1028,172,203
11,R,1008,194,225
11,R,994,201,192
11,R,975,171,189
11,R,977,83,188
>Please insert the letter you are going to draw: 
>Acquisition of [R] letter 
12,R,1227,34,270
12,R,1261,20,262
12,R,1293,-15,221
12,R,1336,-60,200
12,R,1387,-112,152
12,R,1439,-161,104
12,R,1588,-167,83
12,R,1639,-124,84
12,R,1693,-65,142
12,R,1735,-42,198
12,R,1797,-12,194
12,R,1916,-32,236
12,R,1950,-106,205
12,R,1939,-190,146
12,R,1949,-275,152
12,R,1958,-246,173
12,R,1913,-162,181
12,R,1806,-86,167
12,R,1790,-58,181
12,R,1753,-51,200
12,R,1689,-56,201
12,R,1630,-121,242
12,R,1590,-208,278
12,R,1458,-246,256
12,R,1351,-207,203
12,R,1255,-179,114
12,R,1163,-172,2

12,R,1090,-165,-61
12,R,1115,-188,-26
12,R,1159,-150,65
12,R,1149,-176,67
12,R,1016,-178,205
12,R,888,-98,301

12,R,838,-12,250

12,R,808,26,104

12,R,608,132,-68

12,R,462,169,-104
12,R,337,205,-202
12,R,307,224,-180
12,R,332,247,-35
12,R,379,273,145
12,R,465,384,454
12,R,419,274,452
12,R,378,97,323
12,R,312,0,165
12,R,249,-35,66
12,R,198,-16,-16
12,R,189,64,-15
12,R,248,-4,45
12,R,362,-56,152
12,R,503,-142,249
12,R,633,-258,334
12,R,693,-359,352
12,R,608,-325,221
12,R,570,-346,200
12,R,571,-426,157
12,R,607,-554,158
12,R,619,-621,203
12,R,588,-721,264
12,R,464,-833,295
12,R,435,-807,250
12,R,392,-693,240
12,R,389,-546,260
12,R,399,-391,272
12,R,358,-289,305
12,R,337,-215,159
12,R,298,-237,59
12,R,259,-251,-16
12,R,251,-207,-103
12,R,253,-108,-138
12,R,262,53,-104

12,R,275,494,68

12,R,347,652,70

12,R,417,762,17

12,R,452,863,-105
12,R,482,851,-274
12,R,422,863,-408
12,R,409,966,-405
12,R,433,1114,-356
12,R,480,1293,-302
12,R,536,1418,-270
12,R,604,1442,-244
12,R,697,1128,-375
12,R,731,958,-467
12,R,713,1007,-501
12,R,714,1155,-516
12,R,777,1216,-530
12,R,829,1157,-525
12,R,838,978,-324
12,R,892,969,-270
12,R,957,945,-205
12,R,1045,892,-134
12,R,1145,933,-125
12,R,1203,1098,-152
12,R,1238,1157,-87
12,R,1256,948,-89
12,R,1268,683,-68
12,R,1330,423,39
12,R,1252,297,70
12,R,1222,102,99
12,R,1325,-281,262
12,R,1536,-390,320
12,R,1605,-329,254
12,R,1491,-240,356
12,R,1315,-176,439
12,R,1180,-208,348
12,R,1104,-195,27
12,R,1130,-203,24
12,R,1242,-314,167
12,R,1390,-470,359
12,R,1479,-534,489
12,R,1480,-505,523
12,R,1371,-455,372
12,R,1290,-426,235
12,R,1203,-397,123
12,R,1109,-420,76
12,R,1040,-447,91
12,R,1061,-439,106
12,R,1136,-351,217
12,R,1150,-335,277
12,R,1162,-324,275
12,R,1131,-328,308
12,R,1106,-371,306
12,R,1078,-408,273
12,R,1000,-367,206
12,R,936,-314,180
12,R,859,-310,173
12,R,766,-312,164
12,R,681,-335,105
12,R,603,-366,75
12,R,515,-501,36
12,R,531,-583,18
12,R,562,-651,59
12,R,588,-638,102
12,R,570,-557,119
12,R,530,-490,107
12,R,473,-440,49
12,R,479,-382,76
12,R,551,-341,59
12,R,642,-313,27
12,R,667,-191,1
12,R,623,-33,-40
12,R,595,99,-112
12,R,669,77,-153
12,R,761,114,-133
12,R,841,225,-131
12,R,933,342,-93
12,R,1125,475,149
12,R,1145,627,183
12,R,1106,640,155
12,R,1062,627,66
12,R,1050,601,-52
12,R,1133,627,-14
12,R,1480,472,308
12,R,1574,438,391
12,R,1619,414,401
12,R,1647,416,414
12,R,1624,453,397
12,R,1578,495,350
12,R,1501,462,333
12,R,1507,441,276
12,R,1502,416,228
12,R,1488,438,264
12,R,1462,490,306
12,R,1427,488,285
12,R,1290,414,152
12,R,1218,345,103
12,R,1165,286,108
12,R,1163,298,155
12,R,1191,345,208
12,R,1202,360,206
12,R,1205,278,214
12,R,1204,246,243
12,R,1193,204,265
12,R,1192,185,290
12,R,1184,174,309
12,R,1135,153,277
12,R,1020,143,166
12,R,997,161,157
12,R,1001,177,186
12,R,1022,197,208
12,R,1030,233,218
12,R,1013,233,233
12,R,1028,201,225
12,R,1027,189,218
12,R,1018,155,217
12,R,1011,109,203
12,R,1006,70,181
12,R,1009,38,180
12,R,1054,66,258
12,R,1070,95,265
12,R,1065,117,249
12,R,1053,138,234
12,R,1045,149,210
12,R,1041,145,181
12,R,1050,134,142
12,R,1046,106,166
12,R,1043,92,198
12,R,1040,80,210
12,R,1042,62,205
>Please insert the letter you are going to draw: 
>Acquisition of [R] letter 
13,R,1043,106,294
13,R,1027,109,278
13,R,1016,88,262
13,R,1004,59,237
13,R,1001,33,237
13,R,993,36,204
13,R,1011,39,199
13,R,1061,30,214
13,R,1129,43,233
13,R,1206,44,239
13,R,1279,59,245
13,R,1474,-80,239
13,R,1575,-167,242
13,R,1692,-159,273
13,R,1783,-132,325
13,R,1834,-78,363
13,R,1844,-37,336
13,R,1839,3,305

13,R,1838,-15,325
13,R,1850,-43,362
13,R,1878,-89,358
13,R,1915,-179,382
13,R,1947,-251,427
13,R,1904,-344,431
13,R,1837,-337,400
13,R,1766,-357,367
13,R,1703,-365,315
13,R,1616,-356,277
13,R,1540,-385,261
13,R,1488,-403,308
13,R,1417,-325,315
13,R,1362,-266,371
13,R,1322,-171,368
13,R,1313,-47,277
13,R,1219,11,183
13,R,1097,-110,17
13,R,1020,-99,-60
13,R,901,-114,-98
13,R,804,-123,-84
13,R,738,-123,-91
13,R,720,-151,35
13,R,856,22,269
13,R,824,260,294
13,R,766,397,329
13,R,656,421,283
13,R,557,366,144
13,R,449,271,38
13,R,240,64,-136
13,R,166,37,-200
13,R,120,21,-239
13,R,116,20,-192
13,R,188,61,-78
13,R,287,148,57
13,R,390,197,266
13,R,405,198,300
13,R,401,210,288
13,R,414,128,186
13,R,422,-55,134
13,R,456,-254,55
13,R,464,-221,84
13,R,479,-126,159
13,R,518,-93,214
13,R,555,-93,233
13,R,565,-114,220
13,R,517,-330,127
13,R,478,-444,62
13,R,457,-448,49
13,R,481,-457,64
13,R,491,-464,94
13,R,479,-442,84
13,R,532,-422,100
13,R,549,-416,134
13,R,548,-414,161
13,R,538,-503,160
13,R,517,-556,163
13,R,505,-502,136
13,R,430,-172,127
13,R,400,-4,93

13,R,390,103,34

13,R,391,167,-12
13,R,386,205,-73
13,R,386,242,-120
13,R,403,322,-122
13,R,402,455,-111
13,R,405,612,-91
13,R,437,750,-116
13,R,475,798,-162
13,R,524,827,-248
13,R,620,911,-433
13,R,639,956,-461
13,R,657,1016,-458
13,R,683,1020,-482
13,R,699,1078,-465
13,R,675,1326,-452
13,R,721,1571,-598
13,R,780,1503,-708
13,R,828,1366,-754
13,R,861,1290,-746
13,R,877,1235,-725
13,R,845,1176,-674
13,R,758,991,-637
13,R,797,853,-572
13,R,945,732,-407
13,R,923,747,-334
13,R,954,600,-206
13,R,1028,521,-188
13,R,1057,184,-99
13,R,1095,-56,-24
13,R,1175,-284,24
13,R,1274,-466,87
13,R,1389,-533,159
13,R,1454,-457,296
13,R,1486,-300,625
13,R,1552,-323,582
13,R,1590,-385,472
13,R,1642,-485,345
13,R,1682,-560,255
13,R,1687,-540,241
13,R,1555,-277,267
13,R,1456,-229,291
13,R,1361,-171,234
13,R,1277,-197,141
13,R,1228,-294,102
13,R,1202,-401,100
13,R,1149,-389,64
13,R,1122,-345,47
13,R,1129,-300,29
13,R,1122,-290,22
13,R,1073,-279,22
13,R,1005,-300,22
13,R,898,-386,13
13,R,855,-379,5
13,R,805,-358,30
13,R,756,-338,47
13,R,721,-345,54
13,R,678,-288,78
13,R,689,-287,154
13,R,710,-349,209
13,R,738,-416,226
13,R,718,-436,233
13,R,657,-416,195
13,R,545,-350,16
13,R,514,-265,-7
13,R,504,-185,7
13,R,513,-116,19
13,R,541,-60,-17
13,R,567,-5,-49
13,R,675,48,38
13,R,776,58,114
13,R,870,111,179
13,R,908,194,208
13,R,915,267,150
13,R,889,306,56
13,R,879,294,-50
13,R,972,289,-15
13,R,1050,304,59
13,R,1139,239,145
13,R,1237,151,211
13,R,1308,115,243
13,R,1343,186,334
13,R,1342,274,330
13,R,1284,331,313
13,R,1263,293,258
13,R,1306,207,204
13,R,1412,261,178
13,R,1641,321,385
13,R,1670,348,463
13,R,1629,333,445
13,R,1542,311,375
13,R,1455,301,291
13,R,1392,284,182
13,R,1275,247,82
13,R,1259,242,120
13,R,1286,268,177
13,R,1332,299,261
13,R,1349,310,321
13,R,1336,306,299
13,R,1230,286,236
13,R,1184,270,219
13,R,1142,251,156
13,R,1084,230,104
13,R,1024,180,81
13,R,983,143,71
13,R,1064,107,227
13,R,1111,137,291
13,R,1120,172,309
13,R,1079,179,250
13,R,1034,168,214
13,R,1035,128,220
13,R,1057,80,237
13,R,1051,46,236
13,R,1046,31,223
13,R,1042,42,238
13,R,1036,62,248
13,R,1020,83,243
13,R,1011,78,234
13,R,995,79,219
13,R,977,89,209
13,R,968,89,201
13,R,970,77,192
>Please insert the letter you are going to draw: 
>Acquisition of [R] letter 
14,R,972,-115,178
14,R,997,-101,208
14,R,1016,-101,234
14,R,1025,-102,204
14,R,1011,-105,175
14,R,1003,-97,146
14,R,994,-86,128
14,R,989,-96,123
14,R,1011,-123,155
14,R,1096,-168,189
14,R,1141,-173,193
14,R,1193,-151,207
14,R,1264,-127,214
14,R,1334,-105,208
14,R,1427,-93,194
14,R,1674,-92,219
14,R,1828,-108,316
14,R,1961,-99,427
14,R,1996,-105,514
14,R,1996,-103,549
14,R,1996,-63,508
14,R,1996,121,328
14,R,1996,175,314
14,R,1986,172,377
14,R,1921,106,415
14,R,1854,55,394
14,R,1796,49,325
14,R,1639,102,102
14,R,1549,157,13
14,R,1476,203,-60
14,R,1424,213,-87
14,R,1400,194,-68
14,R,1388,149,19
14,R,1344,77,164
14,R,1335,3,164
14,R,1409,28,271
14,R,1307,113,333
14,R,1256,116,368
14,R,1111,125,436
14,R,854,93,278

14,R,711,86,120

14,R,569,140,-20
14,R,462,234,-143
14,R,408,242,-193
14,R,393,170,-129
14,R,454,-193,256
14,R,394,-327,269
14,R,350,-304,194
14,R,329,-85,34

14,R,259,108,-183
14,R,158,95,-279
14,R,132,-85,-247
14,R,219,-143,-60
14,R,325,-191,175
14,R,400,-290,306
14,R,420,-384,264
14,R,421,-379,105
14,R,431,-360,-289
14,R,447,-424,-327
14,R,497,-454,-285
14,R,562,-451,-169
14,R,644,-520,-21
14,R,700,-681,85
14,R,722,-929,144
14,R,777,-902,161
14,R,826,-847,177
14,R,811,-843,153
14,R,748,-959,25
14,R,654,-1090,-243
14,R,557,-862,-174
14,R,564,-740,-94
14,R,538,-712,-22
14,R,475,-666,-14
14,R,429,-591,-82
14,R,367,-678,-303
14,R,371,-620,-262
14,R,440,-485,-140
14,R,477,-380,-87
14,R,462,-385,-105
14,R,424,-372,-119
14,R,413,-226,-71
14,R,401,-120,-42
14,R,386,0,2
42
14,R,374,100,-13
14,R,345,131,-60
14,R,324,168,-106
14,R,352,260,-182
14,R,378,302,-203
14,R,390,375,-198
14,R,358,460,-161
14,R,364,561,-120
14,R,411,630,-120
14,R,454,783,-130
14,R,487,878,-164
14,R,499,1011,-141
14,R,577,1101,-149
14,R,699,1094,-118
14,R,791,1027,-75
14,R,852,931,-63
14,R,860,1003,-90
14,R,856,1061,-140
14,R,889,1049,-179
14,R,916,1064,-172
14,R,944,1042,-145
14,R,1065,1038,-38
14,R,1127,1081,-16
14,R,1193,1052,-52
14,R,1252,960,-33
14,R,1299,794,105
14,R,1381,566,182
14,R,1489,260,214
14,R,1510,172,180
14,R,1557,137,127
14,R,1573,172,144
14,R,1587,238,209
14,R,1705,224,358
14,R,1809,-78,464
14,R,1842,-343,661
14,R,1729,-513,587
14,R,1664,-598,258
14,R,1632,-516,127
14,R,1569,-511,160
14,R,1510,-737,187
14,R,1465,-754,151
14,R,1418,-727,198
14,R,1301,-709,239
14,R,1212,-770,151
14,R,1136,-790,130
14,R,1031,-709,212
14,R,957,-700,185
14,R,893,-644,56
14,R,835,-520,-74
14,R,773,-422,-125
14,R,668,-475,-153
14,R,673,-514,-107
14,R,696,-601,-28
14,R,717,-709,65
14,R,692,-765,115
14,R,638,-779,143
14,R,575,-676,160
14,R,549,-514,209
14,R,517,-384,232
14,R,430,-358,191
14,R,283,-431,66
14,R,111,-553,-118
14,R,139,-462,-144
14,R,187,-429,-37
14,R,253,-463,63
14,R,302,-518,111
14,R,302,-533,199
14,R,312,-472,263
14,R,382,-170,197
14,R,386,-68,65

14,R,462,52,-20

14,R,634,96,-4

14,R,768,30,102

14,R,872,4,283

14,R,1188,54,560
14,R,1231,276,591
14,R,1251,546,473
14,R,1251,741,262
14,R,1308,714,95
14,R,1327,598,111
14,R,1473,338,171
14,R,1519,297,282
14,R,1551,338,284
14,R,1572,383,287
14,R,1572,449,350
14,R,1578,524,325
14,R,1551,479,253
14,R,1530,422,352
14,R,1489,270,364
14,R,1444,195,308
14,R,1411,198,263
14,R,1394,273,262
14,R,1394,597,314
14,R,1399,648,327
14,R,1399,619,354
14,R,1362,553,350
14,R,1299,470,291
14,R,1238,409,231
14,R,1093,405,197
14,R,1018,370,207
14,R,1042,237,163
14,R,1044,185,248
14,R,1065,132,301
14,R,1079,124,306
14,R,1070,158,249
14,R,1063,124,238
14,R,1073,91,227
14,R,1080,79,251
14,R,1068,99,268
14,R,1020,188,202
14,R,1000,214,190
14,R,979,221,196
14,R,971,213,205
14,R,982,199,217
14,R,1004,163,230
14,R,1021,131,243
14,R,1001,126,210
>Please insert the letter you are going to draw: 
>Acquisition of [R] letter 
15,R,1061,-138,164
15,R,1088,-133,176
15,R,1146,-133,146
15,R,1194,-175,109
15,R,1251,-196,130
15,R,1335,-164,206
15,R,1441,-116,307
15,R,1555,-34,365
15,R,1725,124,353
15,R,1750,151,335
15,R,1770,128,330
15,R,1786,48,307
15,R,1778,-16,307
15,R,1763,-48,334
15,R,1709,-31,279
15,R,1709,13,268
15,R,1718,24,309
15,R,1713,13,381
15,R,1707,47,363
15,R,1697,95,313
15,R,1605,253,258
15,R,1567,301,266
15,R,1519,276,256
15,R,1455,217,207
15,R,1380,172,212
15,R,1315,171,221
15,R,1209,216,-63
15,R,1184,329,-165
15,R,1243,368,-122
15,R,1307,276,43

15,R,1306,96,240

15,R,1216,-63,377
15,R,1083,-192,803
15,R,989,-93,728

15,R,889,9,400


15,R,754,72,54


15,R,599,142,-147
15,R,495,151,-246
15,R,444,-131,8

15,R,464,-195,179
15,R,518,-150,253
15,R,520,-65,214
15,R,434,-71,94
15,R,305,-83,-22
15,R,192,-8,-337
15,R,174,-12,-452
15,R,199,0,-444

15,R,254,41,-313
15,R,308,-6,-139
15,R,364,-121,-9
15,R,460,-287,106
15,R,464,-322,40
15,R,444,-210,-64
15,R,424,65,-198
15,R,409,169,-282
15,R,456,61,-233
15,R,506,-21,-172
15,R,547,-156,-71
15,R,620,-206,4

15,R,687,-194,10
15,R,718,-245,-57
15,R,792,-444,-218
15,R,856,-607,-233
15,R,924,-688,-193
15,R,969,-755,-170
15,R,990,-787,-162
15,R,1025,-772,-150
15,R,1063,-811,-27
15,R,1068,-861,70
15,R,1101,-815,126
15,R,1126,-790,295
15,R,1126,-745,257
15,R,1061,-791,229
15,R,910,-849,-25
15,R,875,-797,-48
15,R,852,-705,-27
15,R,820,-651,-13
15,R,770,-607,18
15,R,725,-555,25
15,R,625,-397,-42
15,R,572,-271,-90
15,R,506,-250,-153
15,R,448,-277,-210
15,R,457,-255,-160
15,R,479,-283,-106
15,R,460,-194,-114
15,R,478,-102,-103
15,R,488,-57,-78

15,R,468,-21,-61

15,R,476,55,-52

15,R,502,107,-16

15,R,481,202,-44

15,R,473,288,-100
15,R,462,380,-125
15,R,463,492,-129
15,R,491,615,-135
15,R,527,703,-154
15,R,519,735,-118
15,R,537,739,-135
15,R,547,723,-191
15,R,551,738,-245
15,R,577,786,-302
15,R,618,897,-347
15,R,627,899,-361
15,R,686,838,-306
15,R,803,791,-219
15,R,912,734,-113
15,R,956,685,-111
15,R,1011,822,-166
15,R,1063,886,-233
15,R,1112,878,-265
15,R,1157,816,-282
15,R,1230,664,-218
15,R,1306,478,-121
15,R,1499,354,47

15,R,1552,311,107
15,R,1571,270,133
15,R,1571,297,157
15,R,1578,254,164
15,R,1594,181,144
15,R,1677,-100,153
15,R,1704,-220,224
15,R,1719,-309,365
15,R,1673,-339,497
15,R,1635,-352,448
15,R,1527,-364,379
15,R,1337,-418,190
15,R,1274,-438,108
15,R,1200,-490,55
15,R,1128,-531,38
15,R,1076,-545,19
15,R,1032,-586,-48
15,R,980,-699,-59
15,R,979,-663,-41
15,R,972,-648,-78
15,R,918,-672,-142
15,R,855,-674,-205
15,R,821,-658,-248
15,R,828,-699,-197
15,R,805,-701,-110
15,R,812,-698,-129
15,R,811,-702,-74
15,R,887,-740,17
15,R,617,-611,0
15,R,722,-641,-145
15,R,681,-604,-6

15,R,662,-545,84

15,R,686,-487,93

15,R,677,-458,85

15,R,627,-509,73

15,R,533,-604,68

15,R,491,-607,98

15,R,442,-584,99

15,R,390,-507,98

15,R,355,-396,84

15,R,331,-236,107
15,R,301,-62,61

15,R,242,-99,20

15,R,232,-121,-32
15,R,275,-159,-78
15,R,274,-273,-107
15,R,243,-384,-131
15,R,334,-392,-72
15,R,379,-341,-38
15,R,420,-297,-15
15,R,440,-298,-91
15,R,539,-98,-15
15,R,877,81,357
15,R,971,21,338
15,R,941,-57,368
15,R,932,-91,341
15,R,1001,-49,310
15,R,1102,6,281

15,R,1215,100,248
15,R,1373,424,369
15,R,1547,539,446
15,R,1628,452,476
15,R,1650,381,507
15,R,1652,344,531
15,R,1470,-45,370
15,R,1414,-36,312
15,R,1462,20,340
15,R,1493,-48,363
15,R,1504,-23,335
15,R,1544,91,336
15,R,1583,280,599
15,R,1562,319,607
15,R,1492,326,528
15,R,1397,307,455
15,R,1350,299,413
15,R,1352,283,410
15,R,1375,188,439
15,R,1365,143,419
15,R,1370,116,399
15,R,1366,79,398
15,R,1345,61,385
15,R,1298,79,318
15,R,1182,155,160
15,R,1120,185,136
15,R,1067,185,157
>Please insert the letter you are going to draw: 
>Acquisition of [R] letter 
16,R,1044,-40,128
16,R,1034,-34,138
16,R,1016,-58,144
16,R,987,-112,138
16,R,986,-97,132
16,R,975,-77,117
16,R,959,-48,102
16,R,961,-37,100
16,R,982,-48,112
16,R,1063,-104,185
16,R,1109,-115,212
16,R,1156,-119,215
16,R,1199,-102,182
16,R,1246,-80,123
16,R,1321,-52,79
16,R,1519,23,28
16,R,1611,35,-7
16,R,1677,-13,23
16,R,1719,-107,78
16,R,1755,-220,129
16,R,1774,-310,174
16,R,1784,-301,167
16,R,1792,-214,145
16,R,1770,-110,126
16,R,1743,-19,92

16,R,1714,76,3


16,R,1705,141,-88
16,R,1755,155,13
16,R,1793,87,177
16,R,1803,-7,278
16,R,1784,-79,324
16,R,1751,-115,326
16,R,1699,-75,220
16,R,1467,83,119
16,R,1356,153,64
16,R,1364,220,100
16,R,1511,152,168
16,R,1552,-41,267
16,R,1201,-231,547
16,R,1114,-317,589
16,R,1047,-368,560
16,R,956,-383,497
16,R,863,-271,365
16,R,738,-143,210
16,R,475,81,7
0
16,R,394,112,-81
16,R,326,177,-94
16,R,358,275,-59
16,R,451,280,16
16,R,504,111,27
16,R,440,-183,-145
16,R,395,-128,-198
16,R,354,30,-167

16,R,296,194,-92

16,R,245,195,-96

16,R,192,116,-109
16,R,241,-29,-19
16,R,320,-100,-18
16,R,350,-139,-79
16,R,340,-178,-143
16,R,340,-218,-231
16,R,364,-221,-321
16,R,443,-72,-329
16,R,460,-24,-316
16,R,493,10,-304
16,R,537,9,-221
16,R,627,-149,-128
16,R,690,-258,-32
16,R,800,-314,30
16,R,849,-463,-20
16,R,883,-688,-64
16,R,902,-885,-66
16,R,933,-1035,-65
16,R,976,-1171,-69
16,R,1081,-1232,95
16,R,1076,-1186,244
16,R,981,-1073,305
16,R,876,-993,285
16,R,809,-914,158
16,R,770,-880,-47
16,R,610,-704,-272
16,R,569,-506,-299
16,R,502,-402,-265
16,R,454,-444,-250
16,R,456,-478,-209
16,R,442,-509,-120
16,R,481,-553,-13
16,R,439,-498,104
16,R,455,-284,123
16,R,480,-78,103
16,R,446,12,29

16,R,420,67,-105
16,R,416,313,-136
16,R,417,307,-77
16,R,427,193,12
16,R,419,76,80
16,R,397,75,119
16,R,453,497,80
16,R,503,736,24
16,R,526,972,1
16,R,501,1111,-34
16,R,486,1101,-139
16,R,471,1007,-226
16,R,531,851,-274
16,R,682,769,-192
16,R,756,779,-87
16,R,810,881,-34
16,R,808,1022,-169
16,R,764,1195,-124
16,R,909,1221,-214
16,R,974,1101,-189
16,R,1075,961,-249
16,R,1193,960,-328
16,R,1264,1084,-309
16,R,1272,1228,-169
16,R,1380,1063,-64
16,R,1422,809,50

16,R,1501,611,151
16,R,1573,534,181
16,R,1589,547,111
16,R,1583,615,-11
16,R,1576,571,-33
16,R,1619,316,-211
16,R,1655,82,-97

16,R,1576,-5,304

16,R,1558,-141,288
16,R,1528,-316,9

16,R,1257,-369,23
16,R,1123,-511,-137
16,R,1233,-523,-206
16,R,1331,-522,173
16,R,1522,-764,208
16,R,1520,-985,367
16,R,1154,-813,78
16,R,1157,-633,-270
16,R,1070,-538,-178
16,R,1014,-550,-46
16,R,1020,-640,-13
16,R,1018,-705,61
16,R,1025,-657,220
16,R,1034,-623,352
16,R,1026,-551,126
16,R,970,-446,125
16,R,941,-362,72
16,R,904,-373,48
16,R,827,-459,77
16,R,785,-535,40
16,R,748,-572,45
16,R,716,-615,73
16,R,681,-667,81
16,R,642,-723,7
16,R,582,-757,-24
16,R,516,-750,52
16,R,497,-667,83
16,R,417,-591,41
16,R,295,-549,-19
16,R,249,-446,37
16,R,245,-454,111
16,R,268,-432,146
16,R,261,-416,195
16,R,299,-465,194
16,R,288,-577,142
16,R,325,-277,46
16,R,371,26,60

16,R,399,37,-36
16,R,410,-106,-36
16,R,511,-178,27
16,R,716,-188,128
16,R,891,-104,328
16,R,834,142,380
16,R,930,408,332
16,R,870,621,216
16,R,1134,552,84
16,R,1358,512,171
16,R,1599,361,368
16,R,1564,374,515
16,R,1546,446,588
16,R,1582,515,494
16,R,1641,637,186
16,R,1606,678,161
16,R,1544,541,214
16,R,1597,445,280
16,R,1609,298,266
16,R,1575,291,291
16,R,1552,313,297
16,R,1528,332,355
16,R,1484,378,324
16,R,1459,373,346
16,R,1429,359,346
16,R,1369,339,297
16,R,1303,298,243
16,R,1270,255,201
16,R,1238,253,218
16,R,1238,264,224
16,R,1239,285,216
16,R,1228,316,251
16,R,1224,290,282
16,R,1237,194,315
16,R,1178,13,265
16,R,1124,-3,253
>Please insert the letter you are going to draw: 
>Acquisition of [R] letter 
17,R,1006,-84,99
17,R,1008,-83,100
17,R,1002,-72,87
17,R,999,-61,76
17,R,1003,-53,96
17,R,997,-55,107
17,R,952,-66,81
17,R,934,-55,52
17,R,914,-29,23
17,R,899,-12,13
17,R,893,-1,3

17,R,904,-8,0

17,R,986,-41,25
17,R,1062,-38,31
17,R,1153,-33,48
17,R,1260,-38,78
17,R,1367,-57,85
17,R,1447,-71,28
17,R,1591,-84,53
17,R,1672,-166,135
17,R,1737,-257,209
17,R,1767,-307,289
17,R,1822,-305,281
17,R,1845,-248,251
17,R,1813,-202,219
17,R,1774,-150,173
17,R,1731,-120,127
17,R,1687,-81,95

17,R,1637,-39,66

17,R,1512,-16,66

17,R,1437,-18,53

17,R,1389,-2,-10

17,R,1375,42,-74

17,R,1384,87,-30

17,R,1325,107,15

17,R,1219,213,-131
17,R,1189,210,-236
17,R,1178,185,-390
17,R,1133,210,-516
17,R,1057,165,-450
17,R,1055,68,-229
17,R,1099,26,228
17,R,1036,22,93
17,R,973,109,-136
17,R,936,224,-202
17,R,966,201,55

17,R,969,128,186
17,R,845,124,76
17,R,750,0,-38
17,R,660,-126,-177
17,R,591,-250,-209
17,R,580,-244,-178
17,R,571,-113,-156
17,R,492,-16,-277
17,R,459,-48,-203
17,R,477,-78,-39
17,R,495,-100,27
17,R,490,-80,-32
17,R,477,-39,-62
17,R,464,129,8

17,R,436,149,-40
17,R,396,45,-147
17,R,362,-113,-275
17,R,351,-268,-334
17,R,395,-345,-244
17,R,570,-294,-53
17,R,693,-314,-64
17,R,793,-364,-75
17,R,862,-302,-45
17,R,877,-289,-25
17,R,845,-352,-19
17,R,900,-623,29
17,R,926,-800,11
17,R,959,-907,-5
17,R,996,-938,-3
17,R,1029,-952,48
17,R,1038,-960,83
17,R,860,-1228,-116
17,R,752,-1340,-142
17,R,739,-1213,-136
17,R,758,-1029,-145
17,R,760,-946,-139
17,R,732,-858,-127
17,R,604,-732,-156
17,R,563,-687,-134
17,R,547,-640,-133
17,R,518,-606,-145
17,R,464,-511,-135
17,R,401,-417,-186
17,R,277,-205,-220
17,R,236,-138,-258
17,R,185,-85,-293
17,R,162,-21,-310
17,R,186,9,-321

17,R,245,24,-259
17,R,259,53,-206
17,R,291,63,-133
17,R,354,65,14

17,R,415,103,123
17,R,451,220,106
17,R,444,707,-20
17,R,427,974,-20
17,R,447,1084,-78
17,R,470,1032,-150
17,R,482,944,-101
17,R,529,841,-73
17,R,680,925,44
17,R,715,1089,3
17,R,700,1213,-61
17,R,688,1192,-109
17,R,731,1092,-115
17,R,823,1000,-98
17,R,1014,1003,-41
17,R,1075,1062,-37
17,R,1150,1077,-94
17,R,1163,1058,-148
17,R,1107,1049,-171
17,R,1099,996,-229
17,R,1484,638,-118
17,R,1543,502,-96
17,R,1631,375,-91
17,R,1729,366,34
17,R,1718,384,216
17,R,1796,345,191
17,R,1721,204,-32
17,R,1587,-16,4

17,R,1354,-110,-40
17,R,1042,2,-12

17,R,1480,-496,40
17,R,1978,-592,-98
17,R,1465,-159,-21
17,R,1548,49,261

17,R,1524,23,418

17,R,1553,-332,475
17,R,1477,-579,487
17,R,1340,-726,400
17,R,1219,-799,102
17,R,1193,-703,0

17,R,1123,-610,-40
17,R,1030,-568,-102
17,R,952,-579,-151
17,R,904,-622,-125
17,R,808,-730,-88
17,R,752,-751,-160
17,R,708,-777,-219
17,R,682,-818,-233
17,R,674,-863,-218
17,R,670,-931,-147
17,R,703,-931,-49
17,R,729,-834,-9
17,R,712,-732,-24
17,R,675,-654,-54
17,R,639,-616,-77
17,R,591,-617,-57
17,R,582,-638,-38
17,R,572,-648,-31
17,R,564,-635,23
17,R,564,-624,71
17,R,569,-618,72
17,R,496,-576,13
17,R,430,-562,-49
17,R,405,-491,-49
17,R,403,-361,-7
17,R,363,-277,0
17,R,294,-355,-82
17,R,321,-403,-104
17,R,411,-414,-23
17,R,479,-358,84
17,R,575,-277,130
17,R,637,-75,139
17,R,759,238,114
17,R,963,425,47
17,R,1023,325,109
17,R,1052,215,182
17,R,1180,112,313
17,R,1206,112,428
17,R,1293,258,293
17,R,1417,710,250
17,R,1420,691,330
17,R,1453,588,371
17,R,1510,469,358
17,R,1538,327,299
17,R,1524,259,247
17,R,1385,315,198
17,R,1357,298,242
17,R,1381,200,304
17,R,1388,147,365
17,R,1390,449,345
17,R,1411,730,227
17,R,1346,455,252
17,R,1353,322,191
17,R,1388,239,111
17,R,1389,190,108
17,R,1289,233,255
17,R,1277,141,183
17,R,1261,9,158

17,R,1232,-45,226
17,R,1208,-94,235
17,R,1193,-84,225
17,R,1195,-45,208
>Please insert the letter you are going to draw: 
>Acquisition of [R] letter 
18,R,937,-27,2

18,R,988,17,58

18,R,1023,28,71

18,R,1066,24,86

18,R,1115,-3,96

18,R,1166,-12,88
18,R,1259,-32,72
18,R,1497,-99,5
18,R,1657,-47,31
18,R,1777,20,94
18,R,1861,69,178
18,R,1925,65,204
18,R,1936,48,171
18,R,1901,-26,100
18,R,1937,-137,103
18,R,1913,-174,112
18,R,1864,-170,202
18,R,1850,-138,131
18,R,1793,-103,8

18,R,1609,44,-32

18,R,1607,105,94

18,R,1570,173,220
18,R,1505,233,275
18,R,1447,272,202
18,R,1397,320,102
18,R,1298,305,163
18,R,1254,283,173
18,R,1195,238,55
18,R,1145,186,-119
18,R,1133,87,-291
18,R,1106,14,-365
18,R,1093,148,-164
18,R,1237,223,200
18,R,1254,155,524
18,R,1140,0,626

18,R,994,31,531

18,R,899,182,224
18,R,562,248,-221
18,R,425,182,-306
18,R,338,54,-383
18,R,287,-59,-414
18,R,271,-95,-362
18,R,291,-97,-240
18,R,501,-138,112
18,R,477,-253,190
18,R,401,-272,137
18,R,326,-79,-6

18,R,251,173,-160
18,R,178,396,-283
18,R,164,384,-309
18,R,267,207,-180
18,R,404,4,-55

18,R,528,-148,29
18,R,632,-320,33
18,R,686,-521,12
18,R,751,-826,-87
18,R,763,-710,-119
18,R,812,-598,-118
18,R,835,-626,-90
18,R,852,-802,-29
18,R,856,-999,2

18,R,871,-1107,-45
18,R,849,-1146,-47
18,R,785,-1184,-61
18,R,717,-1216,-114
18,R,653,-1236,-163
18,R,544,-1201,-256
18,R,516,-1058,-319
18,R,481,-842,-302
18,R,449,-658,-242
18,R,435,-477,-184
18,R,437,-334,-121
18,R,424,-216,-90
18,R,416,-200,-61
18,R,406,-188,-64
18,R,386,-156,-113
18,R,375,-128,-155
18,R,360,-130,-118
18,R,353,19,-102

18,R,384,131,-117
18,R,376,127,-124
18,R,361,118,-97
18,R,395,106,-135
18,R,415,82,-113
18,R,478,203,-41
18,R,515,335,10
18,R,526,467,34
18,R,516,597,-20
18,R,494,666,-105
18,R,486,719,-183
18,R,569,865,-186
18,R,623,996,-155
18,R,687,1090,-123
18,R,762,1099,-90
18,R,810,1080,-23
18,R,821,1061,24
18,R,870,1019,-33
18,R,889,1003,-118
18,R,953,1019,-190
18,R,1062,1102,-203
18,R,1157,1156,-168
18,R,1224,1180,-136
18,R,1388,1082,-154
18,R,1458,883,-215
18,R,1530,637,-259
18,R,1606,379,-245
18,R,1686,197,-155
18,R,1742,126,-65
18,R,1811,47,85

18,R,1793,33,124
18,R,1776,-34,-12
18,R,1690,-107,-49
18,R,1541,-197,10
18,R,1464,-429,-98
18,R,1305,-278,21
18,R,1311,-264,-19
18,R,1453,-442,7

18,R,1279,-498,67
18,R,1295,-571,26
18,R,1357,-673,151
18,R,1277,-798,306
18,R,1200,-841,265
18,R,1130,-901,125
18,R,1081,-892,16
18,R,1028,-872,-6
18,R,963,-848,-15
18,R,851,-786,-66
18,R,793,-759,-107
18,R,736,-756,-152
18,R,695,-745,-165
18,R,678,-736,-181
18,R,641,-762,-157
18,R,616,-760,-140
18,R,597,-699,-119
18,R,590,-671,-74
18,R,564,-671,-46
18,R,530,-689,-35
18,R,473,-599,28
18,R,480,-494,55
18,R,467,-419,79
18,R,454,-358,101
18,R,439,-359,68
18,R,420,-383,78
18,R,408,-359,70
18,R,369,-405,-5
18,R,312,-441,-57
18,R,345,-355,-58
18,R,405,-306,-74
18,R,439,-366,-50
18,R,504,-300,71
18,R,587,-98,152
18,R,685,55,238
18,R,768,167,312
18,R,831,148,211
18,R,795,-35,-51
18,R,993,-286,82
18,R,1159,-186,296
18,R,1278,142,458
18,R,1398,548,456
18,R,1512,823,394
18,R,1567,897,343
18,R,1553,779,191
18,R,1438,675,146
18,R,1341,569,164
18,R,1309,354,116
18,R,1337,139,147
18,R,1355,-21,188
18,R,1441,57,299
18,R,1526,344,386
18,R,1612,592,406
18,R,1584,700,352
18,R,1641,555,386
18,R,1643,442,412
18,R,1545,202,315
18,R,1431,226,257
18,R,1344,238,222
18,R,1302,258,227
18,R,1286,240,256
18,R,1241,194,230
18,R,1154,206,245
18,R,1125,210,247
18,R,1118,198,239
18,R,1103,138,205
18,R,1079,108,172
18,R,1071,107,147
18,R,1055,133,145
18,R,1034,139,153
18,R,1030,135,154
18,R,1053,107,191
18,R,1071,60,233
18,R,1063,11,220
18,R,1022,-17,195
18,R,1031,6,216

18,R,1054,20,231
18,R,1068,56,257
18,R,1058,80,260
18,R,1025,69,217
18,R,977,45,146
18,R,982,34,157
18,R,996,19,179
>Please insert the letter you are going to draw: 
>Acquisition of [R] letter 
19,R,1279,9,258
19,R,1344,8,295
19,R,1413,9,331
19,R,1461,-13,316
19,R,1513,-77,238
19,R,1697,-177,69
19,R,1785,-216,141
19,R,1805,-236,272
19,R,1886,-207,263
19,R,1951,-139,258
19,R,1975,-28,177
19,R,1932,115,125
19,R,1884,198,140
19,R,1900,148,252
19,R,1963,-8,477
19,R,1985,-197,473
19,R,1872,-259,315
19,R,1736,-163,263
19,R,1678,-122,149
19,R,1615,-61,33

19,R,1519,-24,21

19,R,1445,-23,80

19,R,1427,-15,308
19,R,1521,-62,561
19,R,1474,-154,767
19,R,1376,-243,743
19,R,1295,-232,553
19,R,1243,-134,285
19,R,1158,-136,31
19,R,1058,-91,-49
19,R,992,88,-212
19,R,953,236,-86
19,R,908,281,175
19,R,850,321,344
19,R,783,112,296
19,R,694,-40,234
19,R,579,-152,184
19,R,402,-140,103
19,R,247,-19,-21
19,R,133,40,-182
19,R,56,64,-350
19,R,88,88,-294
19,R,180,77,-143
19,R,249,-58,22
19,R,217,-198,83
19,R,142,-254,93
19,R,142,-199,-37
19,R,174,38,-111
19,R,218,233,-137
19,R,290,268,-103
19,R,397,259,0

19,R,546,191,94

19,R,693,-100,244
19,R,726,-189,221
19,R,609,-394,72
19,R,582,-650,-73
19,R,651,-850,-99
19,R,767,-1043,-9
19,R,834,-1289,200
19,R,835,-1332,179
19,R,837,-1292,102
19,R,803,-1140,61
19,R,707,-1033,-13
19,R,403,-1147,-426
19,R,374,-995,-487
19,R,396,-845,-416
19,R,400,-845,-396
19,R,371,-866,-376
19,R,357,-843,-379
19,R,324,-792,-248
19,R,315,-736,-253
19,R,253,-637,-234
19,R,281,-417,-219
19,R,313,-216,-88
19,R,296,-97,64

19,R,283,-68,7

19,R,242,-13,-24
19,R,251,27,-52
19,R,278,39,-69
19,R,293,89,-85
19,R,330,301,-89
19,R,444,738,17
19,R,438,651,81
19,R,424,534,65
19,R,407,498,23
19,R,442,570,-47
19,R,520,729,-100
19,R,664,1041,-52
19,R,689,1155,-43
19,R,715,1068,-48
19,R,725,918,-20
19,R,780,843,56
19,R,768,826,80
19,R,919,818,-71
19,R,975,984,98
19,R,1006,1145,131
19,R,1007,1207,34
19,R,1025,1260,-162
19,R,1067,1306,-265
19,R,1185,855,-37

19,R,1287,699,87

19,R,1399,651,182

19,R,1508,695,169

19,R,1589,817,154

19,R,1625,889,201

19,R,1663,868,125

19,R,1712,738,80

19,R,1693,406,114

19,R,1683,126,232

19,R,1708,-99,299

19,R,1710,-241,259
19,R,1507,-103,-25
19,R,1330,-33,-143
19,R,1079,31,-287
19,R,900,-405,-570
19,R,1645,-731,24
19,R,1893,-984,586
19,R,1298,-1250,73
19,R,1292,-793,-106
19,R,1194,-608,-80
19,R,1076,-649,-56
19,R,1050,-661,-121
19,R,1021,-830,-23
19,R,1006,-882,-66
19,R,968,-839,-9

19,R,959,-827,81

19,R,941,-833,46

19,R,858,-872,-16
19,R,753,-720,-172
19,R,749,-623,-200
19,R,742,-560,-161
19,R,726,-552,-105
19,R,711,-556,-38
19,R,730,-543,64
19,R,725,-458,229
19,R,646,-405,216
19,R,480,-465,89
19,R,370,-387,-134
19,R,370,-264,-252
19,R,366,-266,-265
19,R,392,-290,-181
19,R,424,-371,-44
19,R,460,-444,19
19,R,481,-483,9
19,R,532,-500,69
19,R,455,-394,73
19,R,427,-67,-311
19,R,529,21,-131
19,R,629,37,111
19,R,721,-4,238
19,R,849,-173,384
19,R,987,-272,467
19,R,999,112,280
19,R,919,614,-64
19,R,858,845,-315
19,R,837,761,-316
19,R,887,538,-278
19,R,1032,286,-100
19,R,1321,-100,265
19,R,1408,-67,398
19,R,1468,315,468
19,R,1510,623,439
19,R,1502,744,370
19,R,1582,585,232
19,R,1591,228,235
19,R,1554,177,265
19,R,1530,125,282
19,R,1496,75,271
19,R,1482,82,164
19,R,1533,162,163
19,R,1558,357,255
19,R,1551,303,295
19,R,1535,261,344
19,R,1512,204,330
19,R,1444,184,297
19,R,1340,213,228
19,R,1120,228,29
19,R,1079,229,0
19,R,1114,198,32
19,R,1157,131,94
19,R,1158,36,149
19,R,1141,-32,147
19,R,1162,-65,149
19,R,1197,-89,175
19,R,1205,-135,216
19,R,1191,-164,225
19,R,1189,-150,213
19,R,1178,-116,186
19,R,1089,13,145

19,R,1065,83,119

19,R,1079,127,148
19,R,1083,154,163
19,R,1059,191,144
19,R,1043,127,125
19,R,1040,88,120
19,R,1030,54,137
19,R,1032,29,158
19,R,1040,17,162
19,R,1050,-4,172
19,R,1022,-58,148
>Please insert the letter you are going to draw: 
>Acquisition of [R] letter 
20,R,923,-93,79

20,R,885,-100,60
20,R,842,-40,84
20,R,818,-28,63
20,R,808,-25,33
20,R,801,-3,25
20,R,820,-27,46
20,R,862,-64,96
20,R,970,-37,149
20,R,1039,9,161
20,R,1119,22,163
20,R,1207,4,189
20,R,1299,-21,220
20,R,1415,-15,227
20,R,1680,-1,301
20,R,1817,-27,332
20,R,1944,-80,376
20,R,1996,-127,410
20,R,1996,-152,452
20,R,1996,-115,370
20,R,1996,-119,339
20,R,1996,-82,280
20,R,1984,-30,217
20,R,1949,-28,221
20,R,1946,0,328

20,R,1816,-46,549
20,R,1795,-58,728
20,R,1858,-8,946
20,R,1818,35,1047
20,R,1741,75,978
20,R,1624,83,765
20,R,1333,33,224
20,R,1208,30,49
20,R,1022,102,-73
20,R,816,256,-272
20,R,788,357,-444
20,R,885,268,-482
20,R,1403,122,395
20,R,1569,-20,1077
20,R,1386,-269,1361
20,R,1121,-159,1199
20,R,928,170,682

20,R,729,342,246

20,R,390,382,-117

20,R,296,245,-287

20,R,245,36,-428

20,R,237,-126,-408
20,R,250,-212,-303
20,R,294,-220,-147
20,R,370,-121,45

20,R,358,-199,68

20,R,280,-297,10

20,R,233,-70,-105
20,R,201,243,-144
20,R,159,353,-88
20,R,265,-100,-11
20,R,310,-212,2

20,R,285,-224,45
20,R,295,-125,-46
20,R,339,-67,-173
20,R,396,-43,-187
20,R,472,-24,-13
20,R,495,-55,-18
20,R,533,-101,-57
20,R,587,-167,-103
20,R,592,-191,-133
20,R,611,-213,-235
20,R,690,-388,-332
20,R,736,-521,-313
20,R,785,-675,-259
20,R,826,-859,-205
20,R,865,-1064,-145
20,R,908,-1247,-95
20,R,930,-1360,-69
20,R,913,-1310,-93
20,R,878,-1244,-146
20,R,848,-1111,-202
20,R,794,-972,-228
20,R,748,-864,-257
20,R,682,-624,-246
20,R,628,-584,-240
20,R,575,-546,-216
20,R,529,-498,-184
20,R,484,-393,-166
20,R,428,-330,-182
20,R,407,-198,-262
20,R,422,-62,-172
20,R,412,-40,-136
20,R,388,-52,-151
20,R,394,-31,-106
20,R,437,-40,-45
20,R,515,-70,80
20,R,528,-52,129
20,R,547,59,165
20,R,546,158,167
20,R,504,280,152
20,R,480,437,60
20,R,519,699,46
20,R,542,748,87
20,R,585,790,184
20,R,633,878,300
20,R,660,993,348
20,R,738,1073,257
20,R,782,1054,189
20,R,807,1006,117
20,R,811,965,55

20,R,826,940,47

20,R,846,912,101
20,R,947,795,204
20,R,999,740,188
20,R,1004,719,158
20,R,1008,787,116
20,R,1034,916,61
20,R,1053,1004,26
20,R,1166,1053,12
20,R,1199,972,23
20,R,1214,825,29
20,R,1265,694,76
20,R,1299,605,166
20,R,1332,607,173
20,R,1349,689,200
20,R,1373,672,265
20,R,1458,550,304
20,R,1505,415,355
20,R,1503,336,441
20,R,1612,229,493
20,R,1587,119,445
20,R,1541,140,383
20,R,1499,142,441
20,R,1504,-49,481
20,R,1483,-330,516
20,R,1485,-535,507
20,R,1434,-739,417
20,R,1372,-752,371
20,R,1295,-746,257
20,R,1224,-708,173
20,R,1172,-684,150
20,R,1123,-675,157
20,R,1063,-666,119
20,R,1055,-644,134
20,R,998,-660,140
20,R,946,-663,246
20,R,937,-649,227
20,R,933,-631,216
20,R,890,-706,124
20,R,855,-704,63
20,R,817,-689,43
20,R,778,-702,15
20,R,748,-732,-15
20,R,714,-731,-29
20,R,665,-641,-49
20,R,657,-612,-20
20,R,627,-566,5

20,R,599,-496,39
20,R,606,-398,75
20,R,612,-345,79
20,R,534,-405,-53
20,R,489,-430,-97
20,R,490,-439,-85
20,R,506,-395,-73
20,R,526,-338,-66
20,R,546,-315,-80
20,R,561,-441,-41
20,R,563,-556,29
20,R,552,-608,98
20,R,515,-502,127
20,R,484,-326,37
20,R,562,-143,-47
20,R,552,-270,-38
20,R,602,-375,44
20,R,681,-425,171
20,R,728,-469,148
20,R,712,-469,33
20,R,626,-298,-7
20,R,769,328,-55
20,R,885,251,-9
20,R,999,109,123
20,R,1063,50,231
20,R,1116,33,269
20,R,1156,262,289
20,R,1185,551,295
20,R,1214,634,283
20,R,1212,557,213
20,R,1200,407,119
20,R,1200,303,33
20,R,1270,281,263
20,R,1230,359,309
20,R,1265,652,344
20,R,1319,775,370
20,R,1360,674,361
20,R,1438,529,446
20,R,1436,321,405
20,R,1439,226,266
20,R,1476,190,237
20,R,1484,193,225
20,R,1453,228,313
20,R,1447,221,382
20,R,1401,407,253
20,R,1379,517,146
20,R,1321,563,59
>Please insert the letter you are going to draw: 
>Acquisition of [R] letter 
21,R,954,34,152
21,R,933,56,113
21,R,907,10,77
21,R,930,-24,92
21,R,967,-45,92
21,R,1019,-18,92
21,R,1101,2,121
21,R,1222,-14,170
21,R,1528,-60,324
21,R,1650,-132,343
21,R,1727,-185,314
21,R,1822,-199,304
21,R,1930,-196,333
21,R,1993,-200,348
21,R,1996,-157,427
21,R,1996,-110,526
21,R,1996,-61,524
21,R,1996,-1,433
21,R,1971,25,363
21,R,1769,-7,379
21,R,1736,25,516
21,R,1747,64,619
21,R,1722,125,679
21,R,1608,174,632
21,R,1479,209,496
21,R,1298,219,266
21,R,1204,168,234
21,R,1111,145,190
21,R,1055,168,155
21,R,1038,181,104
21,R,1038,140,-15
21,R,1020,179,13
21,R,1168,59,184
21,R,1322,-149,319
21,R,1365,-234,431
21,R,1163,-46,578
21,R,912,63,637

21,R,702,206,38

21,R,661,329,-159
21,R,608,340,-280
21,R,525,222,-315
21,R,467,1,-193

21,R,466,-155,-14
21,R,562,-195,207
21,R,557,-93,113
21,R,485,5,-86

21,R,394,74,-256
21,R,324,83,-378
21,R,303,34,-411
21,R,282,-22,-217
21,R,292,-74,-165
21,R,286,-99,-148
21,R,296,-177,-63
21,R,341,-244,64
21,R,402,-220,137
21,R,462,-210,53
21,R,445,-196,-73
21,R,455,-124,-151
21,R,452,-37,-166
21,R,459,-69,-191
21,R,488,-152,-243
21,R,600,-338,-230
21,R,689,-356,-71
21,R,735,-481,71
21,R,766,-703,93
21,R,786,-885,18
21,R,793,-983,-89
21,R,784,-1228,-125
21,R,774,-1298,-171
21,R,769,-1242,-240
21,R,716,-1150,-317
21,R,673,-1101,-349
21,R,632,-959,-110
21,R,627,-889,-44
21,R,649,-846,5

21,R,657,-772,50
21,R,595,-700,68
21,R,528,-713,13
21,R,399,-631,-138
21,R,308,-544,-259
21,R,285,-410,-325
21,R,277,-352,-269
21,R,250,-284,-188
21,R,241,-239,-165
21,R,256,-74,-199
21,R,256,-77,-134
21,R,286,-118,-55
21,R,344,-147,33
21,R,390,-135,107
21,R,430,-100,113
21,R,403,193,34

21,R,425,374,9

21,R,478,434,44

21,R,503,421,77

21,R,532,466,65

21,R,554,528,60

21,R,605,698,60

21,R,620,727,73

21,R,659,688,44

21,R,699,652,-15
21,R,731,681,-30
21,R,757,790,-26
21,R,793,937,7

21,R,813,1052,-46
21,R,841,1153,-145
21,R,916,1245,-242
21,R,986,1296,-299
21,R,1041,1284,-267
21,R,1162,1246,-149
21,R,1248,1248,-224
21,R,1291,1188,-198
21,R,1347,1119,-155
21,R,1488,965,-106
21,R,1696,663,-44
21,R,1747,512,64
21,R,1798,528,242
21,R,1725,465,500
21,R,1749,320,551
21,R,1796,204,435
21,R,1874,24,226
21,R,1860,-213,194
21,R,1793,-420,279
21,R,1672,-556,263
21,R,1646,-741,180
21,R,1548,-916,260
21,R,1369,-1072,376
21,R,1326,-989,237
21,R,1238,-878,100
21,R,1111,-772,-7
21,R,982,-659,-113
21,R,917,-572,-207
21,R,843,-474,-161
21,R,894,-495,-113
21,R,1002,-576,-55
21,R,949,-630,11

21,R,901,-661,36

21,R,935,-641,-164
21,R,689,-464,-152
21,R,661,-500,-165
21,R,716,-546,-150
21,R,768,-637,-129
21,R,765,-715,-81
21,R,737,-711,-24
21,R,629,-604,-95
21,R,572,-554,-115
21,R,545,-511,-102
21,R,529,-534,-100
21,R,487,-601,-89
21,R,448,-645,-93
21,R,378,-604,-107
21,R,341,-565,-64
21,R,319,-576,-75
21,R,272,-553,-63
21,R,205,-398,-38
21,R,189,-226,-8
21,R,259,-436,-156
21,R,289,-603,-55
21,R,292,-811,-110
21,R,343,-829,-91
21,R,433,-708,-18
21,R,529,-500,67
21,R,702,-38,183
21,R,823,-70,238
21,R,857,-193,296
21,R,794,-262,450
21,R,752,-284,588
21,R,842,54,656

21,R,1443,857,675
21,R,1608,837,618
21,R,1576,744,413
21,R,1447,646,199
21,R,1361,510,206
21,R,1360,533,208
21,R,1438,678,316
21,R,1509,616,290
21,R,1575,480,202
21,R,1583,345,162
21,R,1585,230,237
21,R,1608,174,395
21,R,1633,142,328
21,R,1584,193,243
21,R,1490,290,203
21,R,1402,447,177
21,R,1359,490,92
21,R,1337,332,63
21,R,1358,261,177
21,R,1392,231,245
21,R,1412,205,175
21,R,1378,140,94
21,R,1322,83,131
21,R,1219,25,127
21,R,1169,23,93
21,R,1144,30,94
21,R,1129,-10,97
21,R,1087,-16,93
21,R,1040,-8,89
21,R,1021,-10,79
21,R,1047,-12,92
21,R,1069,-16,107
21,R,1073,2,116

>Please insert the letter you are going to draw: 
>Acquisition of [R] letter 
22,R,1097,-234,369
22,R,1104,-208,354
22,R,1131,-178,351
22,R,1189,-141,375
22,R,1352,-102,440
22,R,1455,-92,439
22,R,1547,-79,366
22,R,1623,-53,368
22,R,1702,-59,367
22,R,1787,-62,356
22,R,1933,-210,390
22,R,1913,-280,457
22,R,1884,-323,470
22,R,1866,-290,453
22,R,1837,-221,428
22,R,1789,-118,399
22,R,1772,67,405

22,R,1768,283,376
22,R,1860,370,489
22,R,1874,328,569
22,R,1810,225,661
22,R,1715,150,732
22,R,1477,110,634
22,R,1364,145,526
22,R,1277,193,421
22,R,1216,154,355
22,R,1138,38,362
22,R,1109,20,314
22,R,1140,157,205
22,R,1214,188,172
22,R,1180,188,157
22,R,1189,115,61
22,R,1193,4,97

22,R,1070,-112,168
22,R,1065,-159,141
22,R,942,-120,174
22,R,832,-131,167
22,R,795,-214,108
22,R,628,-154,33
22,R,475,-167,-30
22,R,407,-206,22
22,R,345,-231,13
22,R,271,-221,-20
22,R,212,-68,-108
22,R,148,157,-141
22,R,82,184,-60

22,R,112,45,-7

22,R,114,-41,11

22,R,128,-95,-47
22,R,128,-123,-105
22,R,138,-138,-173
22,R,197,-200,-149
22,R,263,-230,-70
22,R,343,-297,3

22,R,390,-361,78
22,R,435,-421,91
22,R,484,-473,71
22,R,494,-466,83
22,R,485,-503,97
22,R,519,-690,128
22,R,552,-811,175
22,R,592,-964,156
22,R,592,-1088,153
22,R,575,-1217,136
22,R,565,-1215,88
22,R,540,-1184,4
22,R,489,-1094,-89
22,R,418,-1085,-154
22,R,388,-1131,-157
22,R,345,-899,-218
22,R,330,-767,-216
22,R,366,-708,-161
22,R,408,-686,-148
22,R,427,-644,-110
22,R,441,-568,-46
22,R,448,-469,8

22,R,420,-522,-4
22,R,367,-586,-21
22,R,355,-515,-38
22,R,364,-372,-21
22,R,365,-205,-62
22,R,305,-52,-14
22,R,294,-40,16
22,R,329,-47,-10
22,R,354,-12,6

22,R,370,25,14

22,R,388,92,10

22,R,397,525,35
22,R,457,643,30
22,R,525,638,27
22,R,588,585,41
22,R,642,527,93
22,R,701,474,53
22,R,730,544,-73
22,R,730,695,-136
22,R,753,870,-147
22,R,832,956,-112
22,R,955,1002,-88
22,R,1063,1013,-68
22,R,1038,975,-119
22,R,1003,1073,-236
22,R,1032,1093,-318
22,R,1090,1107,-305
22,R,1274,1027,-168
22,R,1416,890,2
8
22,R,1585,703,26

22,R,1472,806,63

22,R,1534,685,-9

22,R,1653,544,97

22,R,1812,620,273

22,R,1853,585,292

22,R,1577,753,131

22,R,1459,614,-25

22,R,1509,322,11

22,R,1614,23,140

22,R,1694,-236,263
22,R,1719,-439,393
22,R,1654,-676,470
22,R,1615,-610,493
22,R,1578,-566,389
22,R,1473,-606,322
22,R,1326,-626,287
22,R,1127,-775,160
22,R,1030,-917,145
22,R,956,-1045,130
22,R,911,-1172,116
22,R,851,-1265,70
22,R,813,-1259,-6
22,R,689,-1171,-51
22,R,666,-1068,-37
22,R,681,-980,-22
22,R,672,-951,-41
22,R,634,-950,-70
22,R,594,-962,-91
22,R,567,-915,-49
22,R,586,-872,-13
22,R,589,-844,20
22,R,581,-835,41
22,R,555,-849,34
22,R,526,-833,7
22,R,466,-767,-53
22,R,425,-728,-27
22,R,410,-632,51
22,R,427,-561,84
22,R,408,-514,83
22,R,370,-473,84
22,R,304,-482,129
22,R,339,-532,70
22,R,320,-562,80
22,R,307,-582,117
22,R,343,-595,123
22,R,409,-491,88
22,R,505,-217,7
22,R,548,-127,39
22,R,644,-165,80
22,R,705,-234,175
22,R,756,-314,256
22,R,827,-399,281
22,R,949,-121,345
22,R,1050,195,269
22,R,1148,511,145
22,R,1179,570,-21
22,R,1116,376,0

22,R,1019,153,161
22,R,1138,-167,369
22,R,1295,-307,551
22,R,1428,-133,660
22,R,1574,280,529
22,R,1647,521,396
22,R,1625,581,272
22,R,1331,349,261
22,R,1274,203,342
22,R,1319,72,405
22,R,1376,-7,458
22,R,1413,-9,445
22,R,1426,-29,376
22,R,1416,73,437
22,R,1460,287,376
22,R,1467,421,329
22,R,1392,421,308
22,R,1294,366,277
22,R,1208,296,263
22,R,1145,178,292
22,R,1175,124,338
22,R,1210,68,378
22,R,1233,31,373
22,R,1255,1,366
22,R,1258,1,383
22,R,1221,65,362
22,R,1168,82,345
22,R,1111,63,349
22,R,1078,40,350
22,R,1074,35,315
22,R,1053,52,280
22,R,1049,43,273
22,R,1048,16,286
22,R,1051,-24,293
22,R,1038,-55,303
22,R,1032,-60,321
22,R,1004,-53,305
>Please insert the letter you are going to draw: 
>Acquisition of [R] letter 
23,R,1339,8,273

23,R,1432,43,321
23,R,1536,50,366
23,R,1618,17,353
23,R,1735,-61,278
23,R,1813,-69,222
23,R,1862,-37,295
23,R,1871,0,464

23,R,1866,46,593
23,R,1846,101,588
23,R,1810,28,598
23,R,1865,-57,650
23,R,1901,-120,705
23,R,1884,-177,713
23,R,1808,-159,702
23,R,1555,-6,618

23,R,1434,-34,518
23,R,1329,-26,448
23,R,1237,68,423
23,R,1148,181,353
23,R,1139,278,348
23,R,1182,390,547
23,R,1212,232,697
23,R,1169,128,779
23,R,1114,19,689
23,R,1012,-119,481
23,R,945,-243,313
23,R,925,-257,197
23,R,944,-253,201
23,R,917,-283,74
23,R,853,-257,71
23,R,790,-149,125
23,R,775,-26,175
23,R,654,124,125
23,R,599,178,-24
23,R,549,194,-85
23,R,500,178,-71
23,R,473,99,-62
23,R,422,-32,-121
23,R,506,-84,-160
23,R,529,-104,-141
23,R,522,-103,-181
23,R,509,-108,-110
23,R,505,-87,-101
23,R,475,-102,-143
23,R,394,-149,-309
23,R,372,-218,-286
23,R,456,-201,-267
23,R,526,-234,-188
23,R,517,-199,7

23,R,509,-32,131

23,R,513,118,-54

23,R,503,90,-91

23,R,556,58,-87

23,R,622,62,-56

23,R,691,45,-166

23,R,597,-39,-157
23,R,686,-141,-419
23,R,769,-202,-478
23,R,781,-356,-309
23,R,813,-541,-125
23,R,859,-651,-7

23,R,881,-656,39

23,R,859,-718,40

23,R,859,-678,18

23,R,871,-625,-4

23,R,825,-654,-16
23,R,793,-692,-66
23,R,766,-730,-80
23,R,732,-880,-2
23,R,655,-994,21
23,R,659,-968,23
23,R,667,-883,-28
23,R,625,-855,-84
23,R,578,-812,-195
23,R,538,-770,-310
23,R,524,-707,-297
23,R,488,-693,-282
23,R,463,-1096,-549
23,R,475,-1004,-485
23,R,478,-219,87

23,R,425,-41,106

23,R,458,-107,18

23,R,478,-120,10

23,R,439,-172,83

23,R,433,-211,106

23,R,449,-151,36

23,R,441,-55,19

23,R,457,149,27

23,R,467,279,37

23,R,470,308,70

23,R,517,263,181

23,R,527,309,87

23,R,553,414,100

23,R,594,593,98

23,R,607,707,169

23,R,656,757,123

23,R,718,691,131

23,R,753,576,229

23,R,788,495,198

23,R,826,527,138

23,R,871,743,69

23,R,914,1063,0

23,R,942,1334,-40

23,R,1073,1233,-4

23,R,1176,1059,67

23,R,1217,851,143

23,R,1236,735,190

23,R,1289,710,156

23,R,1312,689,94

23,R,1401,830,-49

23,R,1509,895,-94

23,R,1574,892,-36

23,R,1614,869,31

23,R,1585,753,92

23,R,1521,616,160

23,R,1455,252,147

23,R,1428,73,100

23,R,1462,-57,57

23,R,1501,-82,7

23,R,1512,-18,-3

23,R,1724,-36,12

23,R,1444,62,109

23,R,1365,53,113

23,R,1319,9,173

23,R,1252,-174,196
23,R,1194,-390,170
23,R,1151,-531,70
23,R,1137,-777,-144
23,R,1116,-814,-145
23,R,1095,-853,-110
23,R,1126,-899,11

23,R,1133,-909,107
23,R,1073,-873,84
23,R,903,-739,-131
23,R,873,-693,-206
23,R,863,-674,-214
23,R,851,-673,-174
23,R,862,-678,-129
23,R,898,-693,-75
23,R,906,-671,59
23,R,903,-624,53
23,R,894,-601,-3
23,R,870,-623,-35
23,R,855,-629,-38
23,R,854,-641,-24
23,R,803,-630,-41
23,R,773,-625,-45
23,R,753,-632,-35
23,R,740,-627,-5
23,R,701,-618,36
23,R,668,-589,13
23,R,553,-563,-5
23,R,501,-586,15
23,R,409,-599,29
23,R,347,-558,25
23,R,318,-520,-24
23,R,234,-329,-188
23,R,228,-239,-230
23,R,254,-226,-244
23,R,274,-268,-177
23,R,293,-293,-68
23,R,365,-320,65
23,R,574,-359,177
23,R,593,-199,193
23,R,669,15,88

23,R,786,165,79

23,R,789,118,111
23,R,838,150,105
23,R,1015,157,0
23,R,1110,98,74
23,R,1163,-16,278
23,R,1169,-88,397
23,R,1231,95,392
23,R,1319,463,312
23,R,1406,835,165
23,R,1392,865,172
23,R,1346,804,333
23,R,1374,558,282
23,R,1408,365,263
23,R,1415,249,233
23,R,1488,205,269
23,R,1577,362,365
23,R,1620,562,401
23,R,1576,608,388
23,R,1505,532,344
23,R,1436,466,322
23,R,1311,380,342
23,R,1271,301,327
23,R,1251,258,297
23,R,1239,239,285
23,R,1214,260,304
23,R,1204,326,306
23,R,1190,502,251
23,R,1177,479,234
23,R,1177,391,221
23,R,1171,307,241
23,R,1151,225,247
23,R,1121,173,224
23,R,1098,126,214
>Please insert the letter you are going to draw: 
>Acquisition of [R] letter 
24,R,983,79,245

24,R,979,101,236
24,R,992,78,255
24,R,1026,28,296
24,R,1071,-6,320
24,R,1144,-61,312
24,R,1178,-55,311
24,R,1231,-32,324
24,R,1311,-24,365
24,R,1385,-30,398
24,R,1455,-21,405
24,R,1596,45,433
24,R,1636,76,414
24,R,1672,50,374
24,R,1694,3,328
24,R,1699,-55,268
24,R,1768,-57,187
24,R,1808,-55,202
24,R,1840,-18,265
24,R,1911,50,365
24,R,1987,69,477
24,R,1996,102,568
24,R,1842,169,471
24,R,1734,177,413
24,R,1635,148,364
24,R,1529,107,234
24,R,1447,85,148
24,R,1377,89,82
24,R,1229,147,-7
24,R,1156,192,-15
24,R,1137,280,76
24,R,1202,353,127
24,R,1191,285,321
24,R,1129,157,439
24,R,905,78,146

24,R,1199,-98,-104
24,R,1292,-413,-218
24,R,1037,-386,28

24,R,708,-218,274

24,R,487,-43,272

24,R,457,189,-69

24,R,454,211,14

24,R,393,221,97

24,R,371,158,63

24,R,366,62,-34

24,R,373,-36,-113

24,R,398,-91,-250

24,R,429,-19,-232

24,R,431,-61,-180

24,R,412,-168,-162
24,R,424,-171,-168
24,R,432,-64,-139
24,R,466,-165,-77
24,R,527,-328,-61
24,R,625,-475,-74
24,R,626,-404,-17
24,R,601,-358,-15
24,R,638,-334,-11
24,R,606,-417,-48
24,R,583,-390,-3
24,R,589,-296,-33
24,R,597,-277,-97
24,R,592,-272,-142
24,R,579,-258,-172
24,R,649,-235,-220
24,R,697,-241,-207
24,R,728,-282,-160
24,R,753,-407,-146
24,R,775,-601,-163
24,R,781,-750,-160
24,R,789,-886,-110
24,R,817,-850,-108
24,R,825,-806,-96
24,R,831,-800,-65
24,R,836,-796,-24
24,R,843,-804,34
24,R,811,-1012,88
24,R,781,-1046,102
24,R,720,-1004,80
24,R,643,-914,20
24,R,459,-839,-144
24,R,560,-799,-245
24,R,501,-655,-107
24,R,517,-668,-267
24,R,500,-638,-261
24,R,518,-629,-169
24,R,422,-550,-40
24,R,444,-488,-162
24,R,407,-326,-89
24,R,385,-267,-5
24,R,362,-245,53
24,R,341,-218,47
24,R,337,-182,5
24,R,351,-5,-24
24,R,361,103,6
24,R,389,213,100
24,R,443,352,220
24,R,503,497,298
24,R,540,568,318
24,R,486,527,184
24,R,477,637,63
24,R,508,870,-46
24,R,523,1072,-130
24,R,533,1193,-150
24,R,580,1244,-100
24,R,732,963,52

24,R,818,753,132

24,R,908,668,133

24,R,973,689,76

24,R,1001,813,58

24,R,1024,947,21

24,R,1048,979,-4

24,R,1070,908,-34
24,R,1093,804,-63
24,R,1138,702,-108
24,R,1193,654,-138
24,R,1250,625,-169
24,R,1349,496,-54
24,R,1405,445,76
24,R,1448,399,165
24,R,1469,359,179
24,R,1473,300,116
24,R,1479,231,74
24,R,1592,187,20
24,R,1489,252,52
24,R,1602,241,74
24,R,1642,293,209
24,R,1655,208,298
24,R,1708,-36,325
24,R,1625,-224,522
24,R,1578,-254,446
24,R,1516,-252,279
24,R,1441,-198,155
24,R,1359,-92,130
24,R,1281,-14,96
24,R,1195,-142,88
24,R,1197,-357,109
24,R,1191,-575,178
24,R,1207,-735,290
24,R,1194,-832,312
24,R,1126,-887,233
24,R,995,-729,31

24,R,995,-660,-14
24,R,973,-610,-23
24,R,933,-539,-20
24,R,895,-505,0

24,R,866,-533,18
24,R,838,-587,51
24,R,839,-580,40
24,R,834,-602,38
24,R,809,-653,37
24,R,780,-666,7
24,R,736,-644,-53
24,R,680,-627,-42
24,R,661,-611,-4
24,R,648,-546,15
24,R,617,-496,26
24,R,570,-443,52
24,R,524,-402,41
24,R,509,-403,43
24,R,499,-409,40
24,R,456,-385,78
24,R,461,-359,23
24,R,448,-307,14
24,R,412,-289,-31
24,R,375,-264,-146
24,R,428,-267,-127
24,R,433,-316,-54
24,R,445,-349,2

24,R,510,-398,-10
24,R,595,-449,-22
24,R,769,-188,166
24,R,854,-55,173
24,R,902,63,150
24,R,953,171,135
24,R,962,178,129
24,R,921,169,95
24,R,916,9,152
24,R,945,-64,213
24,R,986,-23,223
24,R,1051,101,228
24,R,1135,336,267
24,R,1344,702,431
24,R,1428,689,567
24,R,1476,527,652
24,R,1449,365,702
24,R,1402,264,652
24,R,1365,158,547
24,R,1410,129,548
24,R,1525,416,522
24,R,1667,690,366
24,R,1721,723,223
24,R,1691,638,166
24,R,1599,488,123
24,R,1432,236,227
24,R,1384,153,236
24,R,1341,86,209
24,R,1309,32,176
24,R,1282,0,166
24,R,1251,32,172
>Please insert the letter you are going to draw: 
>Acquisition of [R] letter 
25,R,906,-17,161
25,R,905,-3,165
25,R,897,-2,161
25,R,885,3,157
25,R,853,32,122
25,R,860,45,104
25,R,877,14,113
25,R,888,-37,104
25,R,934,-77,141
25,R,994,-90,197
25,R,1109,-102,251
25,R,1149,-97,265
25,R,1220,-84,245
25,R,1311,-73,250
25,R,1408,-81,299
25,R,1517,-79,371
25,R,1763,-4,416
25,R,1912,9,477
25,R,1996,10,577
25,R,1996,5,650
25,R,1996,20,657
25,R,1996,35,607
25,R,1996,4,556
25,R,1991,8,469
25,R,1933,35,357
25,R,1873,62,256
25,R,1833,79,222
25,R,1799,64,274
25,R,1678,-5,435
25,R,1737,-48,640
25,R,1775,-91,798
25,R,1695,-101,802
25,R,1547,-92,705
25,R,1392,-52,550
25,R,1162,32,254
25,R,965,75,144
25,R,784,155,-26
25,R,823,203,-245
25,R,933,235,-375
25,R,975,226,-307
25,R,1268,-77,142
25,R,1270,-335,370
25,R,1116,-549,525
25,R,850,-547,663
25,R,625,-396,645
25,R,455,13,332

25,R,396,146,89

25,R,328,179,-166
25,R,235,146,-256
25,R,184,104,-294
25,R,220,41,-263
25,R,349,-135,-110
25,R,404,-139,-89
25,R,421,-139,68
25,R,398,-198,174
25,R,350,-238,173
25,R,343,-241,120
25,R,390,-210,-70
25,R,367,-197,-83
25,R,342,-228,-118
25,R,348,-245,-125
25,R,386,-274,-98
25,R,444,-323,-86
25,R,482,-197,-200
25,R,513,-115,-225
25,R,572,-80,-224
25,R,596,-140,-154
25,R,622,-245,-100
25,R,665,-347,-58
25,R,665,-568,-120
25,R,669,-685,-173
25,R,695,-817,-193
25,R,721,-919,-166
25,R,731,-1022,-137
25,R,754,-1124,-63
25,R,776,-1227,-68
25,R,778,-1124,-234
25,R,669,-1006,-196
25,R,598,-916,-262
25,R,575,-785,-272
25,R,577,-633,-288
25,R,521,-585,-220
25,R,505,-633,-73
25,R,494,-629,89
25,R,494,-655,160
25,R,493,-751,154
25,R,476,-794,130
25,R,363,-524,-21
25,R,348,-270,-70
25,R,322,56,-75

25,R,338,249,-143
25,R,360,276,-229
25,R,332,266,-191
25,R,335,239,108
25,R,373,306,201
25,R,432,468,201
25,R,484,671,186
25,R,502,816,164
25,R,509,864,140
25,R,513,880,66
25,R,506,828,3
25,R,529,749,9
25,R,593,737,54
25,R,688,768,87
25,R,774,851,219
25,R,856,828,173
25,R,884,919,202
25,R,921,1086,254
25,R,937,1212,195
25,R,926,1274,69
25,R,1002,1118,-95
25,R,1063,980,-33
25,R,1173,833,7

25,R,1298,704,49
25,R,1367,725,235
25,R,1439,764,293
25,R,1499,674,16
25,R,1510,613,-106
25,R,1522,530,-161
25,R,1570,437,-206
25,R,1600,354,-196
25,R,1563,313,-105
25,R,1453,54,21

25,R,1375,-160,-7
25,R,1450,-437,-1
25,R,1555,-437,178
25,R,1581,-388,193
25,R,1509,-362,37
25,R,1335,-214,144
25,R,1293,-251,127
25,R,1288,-447,-16
25,R,1284,-669,-83
25,R,1261,-823,32
25,R,1212,-917,183
25,R,1062,-896,124
25,R,1014,-802,28
25,R,1011,-770,-35
25,R,1035,-798,-52
25,R,1034,-835,-16
25,R,1016,-852,45
25,R,921,-781,76
25,R,924,-720,35
25,R,911,-684,6
25,R,869,-713,15
25,R,822,-741,41
25,R,793,-699,53
25,R,791,-575,73
25,R,816,-610,59
25,R,812,-559,40
25,R,741,-477,54
25,R,705,-457,88
25,R,721,-500,87
25,R,710,-621,49
25,R,671,-646,51
25,R,604,-636,27
25,R,514,-604,1
25,R,442,-562,-25
25,R,407,-521,-58
25,R,382,-311,-7
25,R,404,-315,-20
25,R,419,-396,-9
25,R,439,-415,41
25,R,436,-390,35
25,R,376,-488,-76
25,R,139,-603,-395
25,R,149,-267,-463
25,R,329,-120,-491
25,R,538,-244,-408
25,R,732,-419,-73
25,R,846,-549,250
25,R,801,-542,478
25,R,776,-111,359
25,R,793,254,222
25,R,784,358,118
25,R,746,364,100
25,R,785,269,178
25,R,1058,-224,436
25,R,1153,-459,583
25,R,1178,-584,639
25,R,1123,-171,530
25,R,1150,588,363
25,R,1347,1110,-109
25,R,1358,772,2
9
25,R,1348,497,194

25,R,1407,319,278

25,R,1505,186,310

25,R,1560,77,350

25,R,1458,272,332

25,R,1360,583,172

25,R,1351,684,52

25,R,1367,525,37

25,R,1441,358,147

25,R,1543,260,274

25,R,1578,246,188

25,R,1568,225,98

25,R,1547,197,77

25,R,1506,207,102

25,R,1458,230,96

25,R,1373,242,62

25,R,1210,275,36


Error reading from serial device



Session stopped
    - Press <return> to exit tab
    - Press R to restart session
    - Press S to save terminal output to file



Session stopped
    - Press <return> to exit tab
    - Press R to restart session
    - Press S to save terminal output to file
