24.867033
0
77.8696289
0
40.1383896
0
0
0
245.378281
0
0
0
170.664993
120.075172
14.6814051
0
0
0
211.895981
0
278.103363
361.46347
270.365784
100.63855
331.803375
0
0
0
139.203918
0
0
179.211884
0
0
0
0
0
0
0
255.572556
427.24939
577.116089
0
43.1651535
392.2854
0
0
720.917603
311.726349
0
34.1557083
0
0
0
0
586.457397
256.632477
0
0
538.665833
290.804169
0
0
0
353.910767
0
0
0
0
282.258575
406.426697
74.5762329
206.390244
311.825806
742.326172
0
0
0
74.0806885
0
324.987793
42.7975845
0
830.750244
0
0
0
0
0
302.059662
103.835213
783.558716
0
0
0
323.937561
0
0
14.0617266
0
115.906982
10.7607412
0
0
292.949219
0
0
46.7772789
0
0
156.655045
0
58.8671112
182.994843
222.280899
164.899948
0
358.32724
160.139587
254.222961
148.581375
190.077972
0
0
0
152.409744
214.266129
842.579285