0.0,636.6811,625.5357,807.724,-619.6595,-314.2626,0.0,0.0,0.0
1.0,408.2967,233.349,-9924.8464,-403.8451,-208.6254,10345.5184,0.0,0.0
2.0,875.1747,722.3376,-13654.848,-814.6398,-530.5449,14305.608,0.0,0.0
3.0,-777.6892,-314.0801,-5926.91,23.3013,429.3671,-364.4807,6095.8836,0.0
4.0,35.1886,478.3181,-9923.34,-325.6757,5313.44,-978.1757,6016.298,0.0
5.0,-748.1639,-104.1171,-6288.65,412.4764,6874.6288,4691.2448,-5892.3216,0.0
6.0,-377.2069,150.6528,-5912.9428,4794.4328,106.7444,5212.856,-4170.3012,0.0
7.0,-672.5635,-273.4248,-1203.5892,6771.068,902.6675,-1090.16,-5566.336,0.0
8.0,717.0407,104.4197,-6854.2192,-1864.3752,7267.1032,1798.7218,-1404.8899,0.0
9.0,352.3971,618.7201,-4008.5488,-2054.585,-3831.6928,2574.9888,-3223.0594,10313.288
10.0,-518.2675,-52.7107,-1883.7038,-271.827,-200.8195,1120.6932,-300.0907,1770.6092
11.0,987.9068,554.321,-802.6421,-2884.1902,-8687.0504,2404.5052,11501.4736,-1906.7776
12.0,805.9959,843.6894,-710.0963,-2229.7612,-7583.152,3588.418,10820.7224,-4047.1364
13.0,1129.517,129.1062,416.991,-2478.468,-8685.7448,-175.5885,8471.46,860.5392
14.0,10685.7272,-477.644,2563.9712,-2684.2168,-2523.413,1666.8802,-7176.1832,-2058.5078
15.0,4171.2016,778.7193,-241.2481,-106.1304,-9273.4016,3081.1448,-2619.5056,4842.5372
16.0,1154.9174,-24.6022,4058.9608,-5470.0928,3295.327,4697.1968,-4207.852,-3632.3456
17.0,4814.1388,139.5992,7912.7728,-2568.2036,-10832.424,8802.348,-5334.1752,-2386.8826
18.0,5224.6876,998.0208,11955.8984,268.5493,-5346.1664,-8638.528,-5687.9712,1282.8711
19.0,1271.4507,5398.1836,1243.8219,-1770.4934,-1962.1116,-6387.7396,-6194.7372,8235.2352
20.0,5138.9336,16579.2144,-4371.0488,1039.5415,-6604.4676,-8603.0296,-6598.3936,3160.8514
21.0,848.5726,6724.5312,3703.462,-3384.9528,1343.2534,-8962.3248,-3675.2304,3398.0
22.0,6674.5592,13048.3624,-2190.4788,241.6884,-6854.2208,-5229.2928,-2672.293,-2444.6526
23.0,870.4063,414.5928,7607.0088,-3395.6136,-668.6541,-8016.364,-2756.3006,6434.4204
24.0,3803.3628,2962.6592,10515.6904,-4963.4064,-3887.3104,-14308.312,-6059.8852,12099.3728
25.0,5269.1584,11336.8264,-1306.0042,-11.2459,-6571.9428,-1973.4422,-2014.7492,-3909.1232
26.0,6626.8524,12072.568,-1591.8846,1106.5864,-9163.1552,-4589.912,-4095.7852,181.792
27.0,926.9601,2731.9112,8771.6312,-2199.3626,-2970.9394,-9388.708,-7321.748,8968.672
28.0,2078.0518,4358.9892,13493.6528,-1897.1202,-3980.3728,-5948.1916,-3685.3844,-4072.786
29.0,-13.4701,1637.4629,10357.1248,-1735.4638,2.7317,-898.8587,-5266.2764,-4058.052
30.0,-456.5964,884.0719,9464.3528,-1954.4996,524.0565,-553.4717,-5266.9684,-2749.3398
31.0,1125.6398,1867.1576,1798.9588,3029.6314,-868.6265,-238.1222,-2537.0756,-3377.3748
32.0,4082.7452,3043.597,7689.1016,-4044.2224,-5888.2448,-1264.9967,-8855.2536,4888.6816
33.0,440.1016,964.7075,4283.642,-3833.8988,546.7468,-2353.564,-3905.8012,3865.3468
34.0,-1397.8127,1455.0692,3276.4768,351.4389,2242.0018,-2293.5862,-8539.3768,3733.9676
35.0,6380.6392,12095.2744,-9323.176,3749.2356,-7548.4144,4231.1232,-3675.1452,-5973.9372
36.0,7429.2008,10202.196,-9879.204,8387.7344,-10416.044,327.5399,-8492.8936,2225.1992
37.0,720.7165,1192.9027,5551.934,1576.9053,2048.1446,-3864.3416,-4995.6128,-2291.1338
38.0,67.9431,2021.7356,6924.8136,2861.8608,6323.9048,-6266.0268,-8341.1784,-4567.0624
39.0,3106.3106,5706.8644,-14210.5728,2211.3666,534.0223,4969.3988,-2530.5624,795.034
40.0,4983.2036,-7197.9368,-15401.68,2305.5332,6734.2224,7819.5624,-6453.0092,7084.4648
41.0,3575.7616,-5564.6924,-12270.504,3291.7178,7383.8576,-6410.91,-6130.3428,16179.4736
42.0,4251.8312,-7249.82,-13400.5488,2417.4534,6340.82,-8650.6856,-6474.336,22893.0688
43.0,5443.002,-5666.7328,-18186.1792,5500.4584,1384.8368,-6017.1388,-8718.2936,25942.7104
44.0,7914.6176,-3901.8,-4168.7764,1721.461,7801.5072,-5428.1708,-4074.36,126.5431
45.0,10273.3496,-5969.3532,-8162.8048,2850.4978,9551.1888,-11288.764,-7863.64,9950.36
46.0,13313.4288,-7132.6712,-10619.2616,2067.7352,-1173.6506,-1537.5565,-4463.1268,10625.5264
47.0,-373.8614,-4936.4256,-8711.2776,3086.1236,3441.3676,5485.8124,-7737.5152,9665.2624
48.0,8291.5304,-7047.7888,-9876.4456,3569.188,1732.7602,13294.4664,-5973.6688,-3866.4712
49.0,5320.4028,604.646,-11183.612,4237.7692,2698.7352,1200.9657,-3841.8316,1077.5295
50.0,-4144.2872,5146.9168,-6789.0432,4492.084,1676.6613,-7322.404,-5989.9572,12994.4168
51.0,-8017.8112,7121.0832,-9582.8408,813.2957,-909.0867,6586.0404,-1219.7169,5962.8504
52.0,-4113.6212,134.0655,-2097.6334,8838.2616,7127.576,-244.7946,-7581.5544,-2748.9678
53.0,-6018.8512,3708.4308,-4902.024,10962.1104,4617.964,927.0757,-7986.7464,-2330.604
54.0,-12104.6096,5706.9876,-961.7031,-4860.3332,2969.825,13110.9384,-2560.7686,-855.3556
55.0,-2899.3396,5879.7944,-6882.2056,-5279.0288,-2571.887,680.644,-3555.3928,15484.9136
56.0,-3626.3488,4485.21,5588.43,-731.9987,12085.3528,-11758.3304,-1671.3569,-5139.9672
57.0,-3135.6022,2162.5826,-4245.4164,3554.5072,-11127.1248,-5113.3764,13839.576,4994.9276
58.0,-4573.43,3630.5448,6502.9672,5272.9388,4727.6908,-10393.6248,-7667.336,1792.9144
59.0,-7097.9736,7201.0736,-3740.3848,6154.4444,3448.5728,-9313.7664,-11047.3152,14476.1328
60.0,-5757.2372,4696.808,-129.0232,4650.2436,8627.516,-7885.0528,-8239.6768,3938.4732
61.0,-12054.5632,16864.4336,2651.0554,-95.9939,-6573.3644,475.07,-1642.7594,870.5685
62.0,-4690.8156,2660.6684,-175.4118,835.4222,-7708.1344,1195.7687,-4721.972,13568.0736
63.0,-3962.7392,3516.162,6417.8784,6662.0976,5468.8164,-5016.2416,-7707.42,-6241.7968
64.0,-6526.0252,3121.5114,8079.904,-1655.1678,4122.0208,2798.2942,-5584.0392,-4043.206
65.0,-1976.3238,3359.8632,1239.7421,215.4266,-2633.9244,5443.936,-11257.2624,5632.9868
66.0,-6076.6732,18342.44,504.8485,-2379.153,-5553.204,7335.788,-5831.6856,-6303.3036
67.0,-796.1083,5801.3424,-1019.6992,-5094.2216,-2213.906,9362.0104,-5396.0384,-186.0268
68.0,148.705,-90.3835,1401.8759,-1052.9707,4043.868,-7368.7992,-407.0564,3166.6724
69.0,-4946.0932,3635.3896,-316.2457,-3809.4444,-13709.4112,-82.8432,8572.36,11947.1712
70.0,-1250.7156,1677.7086,6754.032,-6493.502,-5981.9332,-1657.7872,5967.3276,1626.4987
71.0,-7819.3888,6456.7252,-5599.5288,-3237.9766,-5600.3544,8396.4568,13278.7728,-5249.466
72.0,-6057.492,10154.7616,-1617.2411,1845.4466,-2292.8282,1185.0381,-2042.0758,-2194.9218
73.0,-6258.7284,-2017.499,80.0017,2498.8022,-890.7476,6987.0208,3627.808,-3704.8436
74.0,-5039.6408,-2496.6478,3571.0676,1252.3875,620.9013,-2755.7214,5242.748,-282.7136
75.0,-2212.5804,-5449.3512,569.149,3892.4416,-14367.6976,14767.9392,5898.368,-1935.142
76.0,-3727.8516,-570.9289,-2517.6712,2155.2338,-16960.7856,16193.8288,7850.292,-1415.4193
77.0,-1272.3378,-4679.2592,-1263.9132,-3778.7488,7374.7128,-20421.392,18283.5232,3540.8304
78.0,5174.4532,-4535.2236,7152.3656,875.2982,-870.6068,-6129.5748,-1987.1266,387.6441
79.0,7551.3664,-3004.3862,9430.304,2091.8362,5171.0116,-16268.0336,-5861.9476,630.9598
80.0,-781.1701,1270.3953,2360.9914,2625.0622,-9893.8144,4461.6268,7604.2976,-6963.6136
81.0,1733.279,1855.0404,6806.6552,10109.1312,-2394.6082,-3875.17,-12005.2096,-3504.1408
82.0,3087.6172,-1621.0991,3750.5688,2662.0222,-8773.7968,8104.472,-469.7124,-5858.2332
83.0,2924.1924,-868.9722,635.0764,2386.1862,-12001.6992,11971.1064,-1906.3376,-2138.069
84.0,6193.4332,-2958.0518,-1927.7602,3181.7896,-17865.928,16133.152,2786.1374,-4387.8012
85.0,2536.062,-2179.5838,10698.4336,7467.5072,3773.402,-6985.672,-12301.7824,-3885.6888
86.0,2477.5532,61.0487,-6594.5128,2344.7388,-10141.3224,16703.9856,1098.5122,-4582.6972
87.0,783.1667,-1207.5232,-45.3151,4361.5204,1359.4447,-3170.0886,1375.9553,-3158.0346
88.0,19462.4688,-4463.5716,-3723.3172,-10519.1016,7989.628,-7164.4696,151.5395,-2648.4128
89.0,12334.2776,57.3387,-2086.7408,-6924.9064,19350.7408,-11202.6104,-9911.5792,-2578.4588
90.0,3136.7886,6520.5512,-3645.1668,-4605.0292,-9942.1208,7844.0744,8181.7176,-6536.1828
91.0,6284.3252,6245.64,-4142.3848,-5731.486,-14938.8368,5854.6644,11996.18,-4799.328
92.0,5920.1612,4540.4108,-4952.578,-5814.2228,-16468.896,7582.14,13111.9368,-2848.611
93.0,-108.5186,7490.8192,5071.4292,-4828.648,-4554.128,6989.7264,-7141.484,-2796.1416
94.0,7468.7136,-67.2375,-800.6563,-4267.8836,-18286.7536,20217.4592,477.3514,-4150.3624
95.0,2790.5376,-136.5997,1718.3514,-8323.3,-16693.5824,23946.0592,2874.8444,-5048.5584
96.0,18827.4672,-1821.9274,-3632.5236,-3845.9804,-8194.6856,-4530.5252,3169.7916,-534.2878
97.0,7009.7608,-2491.6482,9091.2264,-6484.6136,-12874.808,-3775.2204,6999.9248,2780.4802
98.0,6884.2072,-2706.1762,-13949.008,-11577.1584,-13588.6848,1536.4166,13364.4968,21193.888
99.0,11368.6,-2698.2012,-14327.616,-2031.4334,-8475.2088,-2874.1272,15759.3456,2794.3818
100.0,12385.7872,-2612.0562,-5534.9444,-3175.8388,-10516.1008,5111.8668,6753.8664,-1953.6814
101.0,3723.288,1585.4636,996.5114,1313.1564,4250.9144,824.7219,-8175.4888,-5338.1544
102.0,14870.072,1076.8838,-6241.4864,-6965.2992,-1181.7667,-3574.5808,80.7963,1971.1994
103.0,2856.6912,3616.8472,-7929.5632,-6133.5584,-14497.8896,14507.2512,15582.2224,-7118.6568
104.0,566.7776,-4223.0736,5096.3532,-5635.0668,-200.8383,4368.5348,-4182.1312,4341.6504
105.0,15699.2992,5017.6092,-14253.8736,-4128.8848,-4638.2124,2195.5786,-4136.7516,3494.95
106.0,14222.6336,3101.2756,2047.6926,-8989.9056,5850.1,-4618.006,-13769.6928,906.5855
107.0,3389.0584,-1595.2229,-8025.8152,-3435.6516,-7203.152,17599.5984,2790.7656,-3262.5686
108.0,-2411.9218,420.4809,448.8471,-7485.2472,-716.3688,8977.4168,4872.2528,-3540.032
109.0,3120.9572,-4905.9676,-6079.4596,-4476.0084,-6732.7736,11894.6288,202.5229,7252.8752
110.0,-1993.0082,844.4377,6014.5064,2339.358,8314.1872,-3187.4116,-13999.696,705.572
111.0,7797.3616,-1908.5164,-6204.8304,-3969.696,-2715.5174,-2605.2436,-3333.8794,13127.9688
112.0,11371.7784,-3584.8456,-4347.2572,-3337.91,744.2824,3792.9052,-7198.516,2077.8054
113.0,-674.3241,1845.6374,-1460.2469,-5115.6388,-3043.3974,652.4691,2492.7498,5830.7264
114.0,-5467.4428,-1311.6028,7960.8352,-655.7098,3077.7102,7812.832,-6513.328,-4739.2948
115.0,10839.96,-2158.0384,-10089.8144,-4747.6872,-5592.2492,7226.4104,-591.7012,4850.248
116.0,-1851.7608,2636.534,4694.4156,2900.1744,3926.2028,-1000.2355,-11994.3592,-299.2117
117.0,7358.884,-5488.1572,-11820.1816,1139.6965,-4519.042,8330.9024,-3510.1324,8965.0928
118.0,-4135.2676,809.7431,-2530.923,2153.906,840.9457,8354.4072,-2300.7918,-3204.6314
119.0,4547.9124,-4356.9308,-11969.1408,2878.926,-6687.912,7255.22,-164.2886,8479.392
120.0,-3884.5536,3272.868,-13433.016,-943.5934,-6162.8708,16765.3088,11239.1344,-6229.88
121.0,8933.6,1497.624,-6775.6208,-1384.504,5428.474,-8632.6728,4182.9852,-4255.91
122.0,-4407.6364,-2261.4524,-7416.2976,1446.5121,-4754.5956,-4261.2912,18553.3536,3324.4292
123.0,-3911.6876,993.8216,-7755.664,-3298.6074,-1929.4494,-5514.7372,11295.5304,10721.8016
124.0,-2111.608,1279.6206,-380.6902,9147.3248,8972.2096,-3536.0804,-14792.9504,766.0317
125.0,-4302.2392,538.9544,2653.222,-2735.1004,7950.452,-5557.8628,-2616.6292,4021.724
126.0,1430.0243,-3085.0212,-2837.8936,-997.6626,-4437.5732,-6013.8532,-1521.2344,17194.0208
127.0,-969.5542,791.0137,2291.4974,2005.6352,13115.7416,-4114.7404,-16077.7904,1794.726
128.0,-1014.7256,2034.5854,8376.5136,-4864.73,6120.7832,-10735.9016,-8229.3376,8035.1744
129.0,-2154.6508,-4099.2992,7106.848,-7043.0656,-764.3158,-983.1785,-558.635,9424.8656
130.0,-3568.0228,-2497.49,16610.16,-6231.6632,-3643.7968,-10956.7344,840.2329,9881.3768
131.0,7712.524,-4552.8988,-13124.3688,-5760.0688,-6151.2376,-4921.6476,-1718.2974,28599.2864
132.0,-1521.8611,-823.2112,4151.9652,-4684.2652,3131.4048,-4943.6024,-3792.6496,8529.1368
133.0,-5649.0736,-2123.5148,9417.8976,-2380.6884,2405.8706,1498.9355,-4564.1024,1797.539
134.0,-3557.652,1781.9388,-5659.194,-5748.5732,-2433.0432,7234.6976,7047.9696,2343.361
135.0,-2333.6174,1241.5228,4882.104,-87.9485,11841.6368,-4343.8364,-13751.944,1690.2998
136.0,-943.4061,-1163.5483,4585.8344,833.7889,10528.3792,-3579.4496,-15038.0304,3777.2904
137.0,8598.5488,-2222.6722,-3121.2098,-3707.224,2748.6766,-9402.8864,-7611.5008,14146.3888
138.0,5823.4168,556.3996,-2681.0364,-9757.4248,-4846.13,-2157.2438,14154.1824,50.9894
139.0,1124.4174,10696.2088,-2137.0498,1389.1759,-2367.8984,-4907.8736,591.5114,-4469.9276
140.0,1912.462,-1284.8115,8950.5352,-1397.6216,3095.1978,-2406.3542,-6011.0356,-3129.322
141.0,14313.264,-2362.5832,-1538.2211,-4422.7572,-3492.216,-11495.1816,-229.5318,9550.448
142.0,-4080.9152,-414.5444,-5059.954,-6737.3128,-4371.4428,-49.7586,8282.2216,13318.9296
143.0,-3897.3756,99.2024,5756.216,-497.8999,9395.9168,3965.2928,-12035.788,-3306.7376
144.0,-1207.2946,793.0607,2267.1512,3564.5388,6072.6288,-495.8219,-13805.9968,1881.2728
145.0,-7909.0944,9959.128,-3147.9118,5148.8232,-7412.008,4737.3292,629.7495,-2133.8604
146.0,-8942.3064,143.6917,1821.7204,-4282.5744,-11527.4808,10682.0888,12489.0096,756.5155
147.0,2397.9284,4780.6732,5662.4676,2724.9572,2993.6128,-2137.7974,-14655.3504,-2717.0562
148.0,-512.0957,-2566.944,-14009.072,4518.6212,-2461.7036,3612.4636,-920.5823,12570.2184
149.0,-3749.5192,3600.9988,-8515.128,13054.5216,1988.3912,250.5315,-11753.572,4020.5548
150.0,11236.9208,70.6531,-19432.8496,2485.5098,-4962.4364,7988.8104,-559.5913,3055.9604
151.0,-8441.3064,-1955.7308,-11184.824,3046.393,-4230.3764,8064.4632,3837.232,11242.292
152.0,14153.8752,2093.5452,-7450.9832,-306.873,15531.0032,335.8999,-17920.4432,-7968.864
153.0,11693.1544,1440.2882,-20107.1696,-2608.7564,-14558.976,13353.8488,12280.9024,-1055.0593
154.0,4525.8744,3233.8532,-14818.8112,-2928.462,-14915.3728,-4588.4804,29587.9872,651.7441
155.0,15063.0352,-3839.7824,-14770.824,1208.9222,-14514.048,-2357.295,12086.1328,7369.8328
156.0,1751.0662,1825.0478,1290.6157,2106.8022,-3855.1788,-7889.5744,-1677.5465,6333.416
157.0,5673.5948,-3594.142,-8901.3336,1538.4113,-11646.18,-4022.2608,6786.8128,14032.68
158.0,-5264.2812,1998.1304,-3917.2604,-3201.7766,-12119.8664,-3475.124,24454.3664,2118.0486
159.0,-10865.8488,-704.4286,-944.3318,-2442.6826,-9034.2568,7309.0504,18984.152,-1556.3129
160.0,-3736.8768,-5245.8228,-1427.0945,5327.7956,-15478.4192,4060.0848,568.2278,15969.2768
161.0,7992.908,2670.9638,7337.2328,2335.6496,-4662.598,-5165.94,-8755.6168,-2078.3376
162.0,-2308.7458,-3923.8056,10546.2968,911.4687,-11525.9904,2662.05,-1945.0126,5423.7812
163.0,-20801.592,-209.749,-983.4728,5142.6408,-16306.8144,3773.2008,4715.2832,24887.8224
164.0,-8306.4208,-2536.1832,10550.5504,3266.9356,-4390.8212,2019.2922,-7005.6,6174.2564
165.0,-7949.0504,1530.5017,-16912.1664,1041.731,-12591.1224,6448.9048,10372.4512,17489.2928
166.0,-4881.8236,2270.8178,5007.68,87.7449,-6894.0744,10252.2688,2765.1164,-8396.6368
167.0,-754.5941,1413.2933,-12780.7344,110.666,-11945.0208,16248.0464,12538.7904,-4066.6412
168.0,-782.3335,-3091.4606,9923.1752,-63.8451,-6854.2792,4062.3496,-1925.7354,-1071.9806
169.0,1320.7275,2816.1338,12122.8664,1608.0331,-5789.3644,-4624.6444,-6626.2824,-855.1581
170.0,-6125.9912,-1458.771,-636.1094,1095.4629,-12691.292,11519.0072,6373.6408,2682.7932
171.0,-1463.4308,4184.042,-7037.964,-2815.3288,-12894.6712,8957.2776,16806.4624,-4980.786
172.0,-9128.4144,12599.5672,-139.3611,118.5486,-7408.2176,12410.9296,9067.004,-17283.896
173.0,-11440.8376,9690.3584,4267.2548,1541.1733,-7150.1832,13914.16,5104.6032,-15607.7136
174.0,2811.6274,7350.6648,4547.7736,2851.3064,-12539.7,-10683.0976,1768.837,4394.5768
175.0,-2433.0988,-3968.1232,8610.9824,2470.5366,-4382.8188,-2442.596,1424.6582,677.7315
176.0,2345.7348,13668.28,-12360.796,6511.2808,-15288.3136,-10870.5048,16677.7936,-872.5197
177.0,1358.1497,14779.1568,-1379.0223,8850.1448,-510.3655,-5572.3408,-15732.0352,-2781.6416
178.0,-14586.216,24597.6672,5655.8116,7675.8152,-6966.3872,449.3458,-538.7253,-15676.5264
179.0,3902.7868,5660.8476,-10846.9864,5204.888,-13896.4832,5121.5396,8868.5792,-2997.8562
180.0,10436.1624,-514.9432,-11799.5632,6072.9672,-16337.8736,11919.5576,-9912.0488,10574.9176
181.0,-10053.9592,29678.5216,-693.9904,6047.5264,-9590.0616,-63.0212,-7474.5912,-7706.6784
182.0,11063.7912,-142.5388,-13335.0144,10798.7344,-18765.7712,-9957.7304,-13344.152,33311.4368
183.0,-10280.7216,22132.1152,4045.228,5811.022,-5797.5812,1455.139,-6639.1348,-10646.6768
184.0,1232.3242,4376.4112,-1975.721,5775.3076,-6669.0492,5156.7788,-10830.9968,3460.0564
185.0,1280.5336,1018.5436,1919.8692,14965.0832,-2887.6436,-9136.7376,-14218.4,6006.996
186.0,-720.2843,-659.9461,6163.894,5695.0656,-3630.5888,-4029.3736,-9985.78,6751.0784
187.0,-989.816,13263.64,-6633.5768,-740.4985,-15291.9952,3224.2396,3104.113,4612.8392
188.0,-1973.1474,-5367.8964,545.4515,-4804.2016,-10176.608,17246.1232,6311.55,-749.1584
189.0,1070.4304,-9537.4856,841.2526,-4647.4096,-15101.7824,582.9325,20624.7632,7194.3384
190.0,19543.5136,-11469.2328,-1475.4982,2468.6006,-9450.7328,3589.7144,-7850.1248,3930.382
191.0,10116.6168,-12042.1784,6618.9964,-4230.602,-15107.2032,6315.8968,2027.5526,7012.1576
192.0,-16227.2288,-3967.7216,-1628.1217,-6879.6808,-15947.8288,18476.5248,22945.2304,4544.2148
193.0,2597.0804,-12064.8528,-742.334,949.4218,-10568.4392,5362.3236,3582.5364,10850.8504
194.0,2476.0068,-9217.2328,-1069.0154,-1640.7296,-14323.2288,6738.5128,11009.6072,6287.1772
195.0,-3842.9096,15353.384,-787.9624,4787.5908,-13999.6176,6150.4352,-6352.1588,-1070.2089
196.0,5393.0888,-12874.5352,-6433.5856,1633.0016,-19803.1776,10755.6384,-3762.8612,25116.5232
197.0,-6010.6452,2137.0618,15354.1936,2704.8858,-775.1136,1278.9991,-4286.73,-11122.5264
198.0,-716.9662,2714.2136,4965.8404,8813.7432,4537.4332,2564.6182,-16308.6128,-7233.864
199.0,-3260.6136,-1477.842,-5082.6636,-11677.092,-6705.0412,18164.0736,7091.2328,4364.1944
200.0,-13776.5904,29276.5376,-7294.2904,-5148.2884,-9322.8416,13338.2136,3118.8002,-10054.6632
201.0,-6612.7392,1204.7946,2392.9544,-5393.1,-4905.1172,10364.1584,-275.3393,3660.814
202.0,743.3061,1940.8072,3836.2068,1710.035,12405.2304,-211.8475,-13773.7424,-7537.0168
203.0,-6044.1768,-1202.6702,-3433.2284,-6611.9508,-11838.7608,11295.1552,5784.0776,13031.6832
204.0,11339.6312,-3984.0984,-4845.154,-3147.205,-7980.3152,6511.68,2199.076,-190.6867
205.0,7160.176,-8138.6984,-6131.64,-2240.3288,-3297.7974,8904.0,-4919.5508,8605.4752
206.0,-745.3692,20345.0992,-10823.608,-6437.6964,134.4086,994.2183,4844.8788,-8321.7088
207.0,22822.8064,-2403.3874,-23600.6192,-6870.6336,-11807.2936,-8197.7136,8366.6256,21222.5856
208.0,17253.752,-4962.4572,-7932.068,-3242.0564,-5903.3168,-8298.1288,5650.4112,7058.18
209.0,2060.404,2515.1596,2316.3372,1270.225,12827.0744,-7345.276,-13487.0336,-934.0952
210.0,1603.5132,-1921.7952,-6435.474,-5423.334,-8889.1472,8636.4504,6348.39,6474.1652
211.0,14448.6672,-7960.592,-4496.186,-3159.0402,-5183.0424,-7218.4976,5124.056,7980.52
212.0,-4527.8428,5596.8212,-892.3152,-9350.548,-3852.0256,8367.38,9479.1984,-4306.3792
213.0,-4449.6444,4123.1016,-4945.9076,-5651.4292,-3352.2968,11136.6344,7852.9696,-4294.0516
214.0,8806.4176,1990.453,-7306.3432,-9672.3112,-4625.308,7001.3704,1089.1814,2985.7568
215.0,-188.4915,2161.1624,7225.456,-5585.154,6900.1648,-12941.1456,4900.7684,-3005.4708
216.0,-14920.936,-4321.4396,-10923.0368,-4768.4012,13955.864,-8219.8,14965.1744,14713.0336
217.0,-8918.2952,4569.6,-18958.9328,-11127.0368,12230.0984,11600.256,4952.4784,6607.4644
218.0,-17974.6928,24307.7376,-11058.072,-2226.2058,3315.8956,-1910.9616,5881.272,-116.6345
219.0,-12103.5128,4590.1256,-14852.6608,-9985.8416,144.5067,3420.31,14812.5232,14734.2864
220.0,-16046.624,6071.8668,-12353.9984,-11000.8416,-2299.7624,11527.7736,20647.7696,4537.3924
221.0,-1120.8647,1294.5182,-6198.4516,3482.898,23086.7904,-8160.296,-14812.2688,1241.8389
222.0,-9997.3624,-281.0044,-11304.784,-6350.138,995.5359,5489.7724,8563.0656,13394.404
223.0,-16551.912,3662.0844,-19617.6656,-12942.8128,-443.7364,12681.3192,24864.408,9217.204
224.0,-4852.9672,-5436.122,-18073.7024,-3341.2208,6184.608,3310.638,-1392.9136,23049.9792
225.0,-6533.568,2828.1194,-1606.6151,1199.9006,18779.2592,-24.8262,-13458.016,-1928.7132
226.0,-9936.076,176.0948,4276.5844,-3411.7884,9764.7752,1129.7892,-3677.3392,1578.9164
227.0,-6826.692,3000.2558,-1650.6305,10003.0344,4054.3976,-2855.8154,-12634.4288,5879.3732
228.0,-4645.8764,140.9962,4644.3348,1432.2522,14304.2896,-1858.4778,-14667.68,-284.9466
229.0,-6201.75,1408.6083,2343.625,-3369.6284,8780.8,-6829.6872,-1358.0811,4940.804
230.0,-7479.1136,9050.8096,5207.882,4870.7036,3595.3764,-2193.1292,-13818.8128,-186.5439
231.0,3296.9958,-8411.24,-10803.7664,893.9216,-14248.184,4332.9308,6574.3448,18120.1152
232.0,4829.2328,-7981.9888,99.4706,-6050.378,-12266.1016,16938.496,16108.2512,-10623.4704
233.0,1218.0238,-8467.964,506.3832,-623.5273,-9931.2528,15632.304,5848.7212,-3600.9652
234.0,14170.7008,-11335.1048,-5398.8228,-1154.5059,-16193.216,2493.2204,9581.4592,7678.5152
235.0,-15094.1296,-7409.828,-5680.9012,-6710.5732,-19715.2544,17781.3264,27460.8224,10262.1624
236.0,-21327.384,-8413.14,11256.9776,3514.7,-16984.4176,5424.5604,9149.4408,17714.2048
237.0,-16442.9888,-4769.5,-954.1772,-3497.9144,-17488.1712,15124.28,22599.9168,6545.7972
238.0,-13667.1152,-2846.947,9133.488,870.0815,-11165.932,7966.2424,8963.948,893.1511
239.0,-18064.3504,-3698.8768,-5142.6364,-3459.4564,-13036.9144,23368.4416,16308.272,4769.8
240.0,-8090.2792,-3267.2684,7391.6216,3836.532,-3105.7304,857.2097,-750.3415,2879.6218
241.0,-20945.888,15472.8368,910.1652,-370.8086,-5846.4716,20285.3168,10756.3016,-20240.9936
242.0,-14789.848,24186.8944,-3430.1968,551.323,-8493.292,3946.0,8626.292,-10778.8216
243.0,-16972.9888,2959.174,-7515.2592,-3768.984,-12667.2272,16452.4976,15547.5856,7127.7648
244.0,890.9465,1505.4286,-20260.8208,2533.4388,-12114.5696,4880.904,3557.9356,18755.4592
245.0,20389.608,3368.5084,-25739.248,155.5307,-15678.2448,7674.48,10627.4208,-905.3785
246.0,-7896.3152,9165.744,-5556.58,-174.1921,-12219.4384,14050.0512,10831.428,-7908.7616
247.0,2851.739,-1042.9862,2443.6384,10429.6456,8786.2288,-3028.3798,-13026.808,-8456.2568
248.0,-4617.9912,9318.172,-11844.9256,-9098.4912,-13692.8336,15850.9376,24700.92,-9456.0968
249.0,633.091,1029.6202,1085.5701,6157.374,6916.4688,-2248.4756,-12081.5976,-2411.1858
250.0,3695.0932,-1072.651,686.206,12034.1328,12063.4208,-3761.4232,-16326.672,-8659.6992
251.0,-2944.6118,2849.1364,802.8369,12820.348,-4192.7884,-1073.9891,-7583.4936,-1469.1997
252.0,5708.8784,-6918.388,-11750.3,6538.772,-12573.4168,9204.072,-570.7829,10200.6976
253.0,-9913.0608,33400.192,-8467.3408,3437.1888,-12337.36,17780.2688,14097.7424,-37623.1744
254.0,1381.2889,113.2177,2659.1568,8904.1096,8727.8232,5588.6056,-13918.0768,-14211.8128
255.0,-7041.8584,3773.2604,-804.6955,-2996.758,-6714.5392,21117.8656,7329.2704,-14270.0192
256.0,-6183.9844,2372.1976,-762.0727,-5057.63,-8185.2872,21236.7936,11806.4616,-14672.0624
257.0,-4485.1356,-862.3093,8982.376,-1202.0287,1404.778,12535.276,-5093.2784,-11255.0096
258.0,19678.9888,-3276.4932,-4669.3744,-1264.5818,-1303.0868,5907.6088,-1689.7486,-14346.296
259.0,13924.088,-4048.244,-2529.1316,-707.6227,-1783.752,9376.5456,-631.9026,-14168.2768
260.0,-4002.8792,361.238,15031.7088,-953.0208,3102.6132,109.5971,-5571.6832,-8360.916
261.0,14153.9152,-5398.7656,-6180.8708,-875.9867,1138.0621,9643.408,-655.7396,-12748.6584
262.0,17294.76,-3734.8412,-8021.12,-4123.5252,-2994.5312,11082.8984,4143.4072,-14189.816
263.0,2460.2332,-1083.1522,6843.6976,2402.7124,18776.5296,-654.3763,-13836.3424,-15966.6912
264.0,-6378.4552,-549.3402,16011.2144,-3944.5892,-2917.0694,11580.844,1063.7527,-14389.5504
265.0,-4321.2032,956.3277,3386.3232,-6615.608,-5362.3476,23129.7712,8471.6408,-18714.4864
266.0,-4060.7836,4180.0252,-3921.114,-7108.2992,-11018.5448,25183.3952,16301.6176,-18626.8336
267.0,-5057.6232,3690.6072,1983.2872,-3788.9896,-9030.156,20296.0992,10576.192,-18404.2592
268.0,19602.7504,-5741.1564,-7079.1632,-2776.6556,156.4483,10454.5296,-449.7886,-14734.6576
269.0,-1050.7623,1038.5161,9491.7208,-1592.9399,17074.4528,4128.792,-12221.876,-17388.6608
270.0,4644.2528,-7236.0296,4279.4124,-991.1684,-9660.1768,11957.084,1322.5894,-4406.7472
271.0,11317.3112,12527.8712,-448.5281,-11879.7048,-3612.6356,-7359.4624,7914.1776,-9236.8848
272.0,13267.072,2951.0044,293.3042,3752.5476,-8469.5016,-3195.852,-2641.1956,-6115.664
273.0,5360.0848,-8250.6864,-8595.3712,-3894.4324,-9429.3304,6726.9264,2599.7356,15885.0592
274.0,-1787.2184,1547.3076,-5817.4364,-1605.0933,-11932.6208,1786.399,8034.3544,9902.6448
275.0,3717.4176,4381.9312,-5412.5616,-3323.8818,-8005.1552,7937.116,3622.1324,-2690.6538
276.0,11528.6904,8195.0384,5480.0088,-7708.6704,3732.8316,-9257.6848,-2308.752,-10083.7288
277.0,-5962.7332,11719.792,-4270.1356,-8078.8976,-3762.73,9258.8864,11349.7,-9552.4696
278.0,-14152.7776,4393.3252,2024.6578,-12253.3352,-15130.976,3212.1846,38457.1328,-5529.204
279.0,-279.067,4184.286,6742.9672,-3922.496,3544.91,-13456.5168,3684.3012,-883.696
280.0,-5955.922,9758.0736,-14618.552,635.6274,-5758.6948,6243.5128,24940.912,-14930.816
281.0,-18417.7888,4169.9276,-5361.8692,4649.058,-10488.956,4815.2448,19086.36,2054.3892
282.0,-11812.556,1811.145,7912.1592,5396.0048,2190.1552,-3461.2328,-6070.772,4058.7404
283.0,12889.124,-6298.0988,-17203.3776,6252.5692,-48.2916,-4128.8708,2759.2392,5119.0348
284.0,-6859.2872,7613.62,-2838.3782,11783.8312,9961.9496,-5487.7396,-14509.9648,-633.8377
285.0,-8329.7464,1868.2292,-14779.5872,-611.2704,-8250.1848,20638.4192,12616.7976,-2120.9092
286.0,-14178.4256,22841.072,-15786.9232,9146.504,-5320.952,347.7769,3047.6636,-255.7774
287.0,-2705.2232,390.526,-9242.5104,7860.552,-1846.7482,6975.912,-6636.0772,5029.7672
288.0,-20552.2128,18880.5648,6.5131,-2049.0778,3415.256,3272.9648,2231.127,-6075.4164
289.0,-305.6662,9846.7096,-9960.1032,4500.5456,11269.8512,-7795.44,-8446.5216,7.5388
290.0,-17026.0144,28603.9296,-2206.8616,-7660.384,-1335.0881,5502.5708,10826.3832,-17361.0192
291.0,-12739.9824,7711.7736,-15007.712,-10498.8312,-13580.1984,22236.2032,21419.688,1414.0837
292.0,-6557.8104,2219.237,317.9694,4060.3444,18460.264,-6860.592,-10118.0856,-2552.9904
293.0,-6968.092,1667.4727,3180.9878,5403.1048,870.6221,-3987.7904,-3404.4196,2931.3342
294.0,5252.3432,3042.3308,-14754.8304,8829.2976,5025.4064,-9534.6112,-2040.867,3278.2718
295.0,-7923.952,3644.6456,270.1836,2560.3978,13988.9936,-7776.62,-5319.7836,-415.7667
296.0,-9041.7968,-1641.7489,-10173.7176,-8724.6752,-12135.8632,6429.276,32402.9504,4209.5624
297.0,329.4972,2121.9188,-7970.5416,1775.7396,5604.4376,-5141.1656,3912.006,-1075.694
298.0,-2711.7314,2347.5554,-9888.1464,15517.504,-7992.0664,-10343.4512,6123.4484,6728.7616
299.0,6896.9304,5456.4356,-24467.5168,4596.5804,-10048.5616,-2548.6016,17208.3072,2048.6612
300.0,15553.1808,-6687.3432,-13972.9808,11590.992,-7397.1232,-6152.3032,-4953.382,11397.4768
301.0,-11830.1408,37074.064,-7913.5304,1983.1834,-11013.464,-5579.188,14098.2192,-16506.3536
302.0,5003.3456,-6430.8756,-8387.1496,10400.9728,-13799.7232,-3155.4418,-6637.1132,22687.7104
303.0,-5707.5148,2124.3404,-7291.6048,7318.8552,-21197.2032,-8891.8456,9396.7384,24505.9472
304.0,10155.4192,-11767.952,-9204.5544,8220.448,-12640.5208,-2029.1462,-5740.1168,22855.7616
305.0,-7144.8736,31594.8224,-9839.2648,7263.7104,-12240.9176,-6039.4264,3960.0676,-7434.9456
306.0,-5900.1064,-845.428,8541.3776,688.4939,-6794.948,161.7936,679.6724,3844.8544
307.0,671.9728,3255.7868,1275.7501,9787.9872,6077.7596,-8021.9984,-10748.3104,-3029.3046
308.0,-1824.488,9823.5944,-10153.5504,-7603.616,-12144.1584,-3584.2788,23394.5824,2879.5356
309.0,-1351.2246,2236.1568,1284.705,6233.228,137.1788,-11616.3416,-4822.604,7290.0928
310.0,6157.35,7320.2328,-12559.0144,-5452.5132,-14914.4704,3585.8812,15199.3088,1129.7965
311.0,5223.4824,8419.3392,292.1737,4956.9884,10376.452,-13923.0464,-10930.8304,-5370.5168
312.0,22486.4,-5071.608,-11587.3584,3108.4306,-526.3792,-4585.4256,-7512.6208,2741.0616
313.0,1848.908,-4658.6496,250.4444,2498.4138,-8882.0368,-3810.7692,-2745.4234,15072.3536
314.0,-5826.9032,322.6348,11754.872,-394.0006,-609.4237,-4657.4704,-3948.6676,3336.1402
315.0,3816.52,1528.9764,-9276.9104,-6207.7592,-10869.8408,9122.1272,11503.9464,1061.0953
316.0,-8354.3304,15671.4384,3391.4372,-3972.0248,1566.0751,4181.108,-2763.8438,-10696.0888
317.0,13917.3616,6823.612,-18797.9904,-6125.1696,-10857.1288,23847.3296,-5022.0812,-3682.9224
318.0,17026.7632,1631.7141,-6604.6852,4966.536,-6834.7736,-7763.7128,-5038.9408,2175.906
319.0,-1735.7188,9889.7288,-11632.4968,-5683.898,-17888.0256,-119.2004,28657.0496,-589.6823
320.0,-11941.6096,24319.8464,4046.5988,-4291.6836,-2107.9632,-6239.106,12522.1328,-16870.6496
321.0,-35.8854,120.0696,-3105.8266,-1956.766,-11992.7624,-70.3236,9649.3664,8360.4384
322.0,-1456.2745,7682.2872,5340.804,6212.9296,121.9748,-16223.1536,-2528.048,785.9085
323.0,-8960.9952,-5188.746,17987.2864,1868.1358,-11337.4584,-12004.0232,6994.652,10874.9832
324.0,4817.7176,-7847.2544,-640.2439,7780.8024,1220.809,-4821.2936,-15302.2,13860.8
325.0,1800.7262,-5009.3836,2027.8714,13094.6712,6778.1016,-6833.2616,-15162.9344,2301.966
326.0,3860.038,-6081.2416,2069.9804,10885.4744,20620.0112,-8615.0888,-16104.6896,-7851.9696
327.0,-1067.2786,-8878.4496,9261.704,10100.34,-1212.6265,-14488.7984,-678.9289,6787.988
328.0,-3926.7952,-12117.0392,8328.2488,-962.3572,-9326.8312,188.02,232.127,17582.4704
329.0,19036.1744,-14429.784,9796.1136,-146.7731,-4527.5064,-11765.4824,3214.9898,-1796.1782
330.0,-9559.9472,-4140.0972,28220.4416,-446.4077,-4220.1084,-10945.1688,557.4708,525.2997
331.0,-1436.9697,1980.4876,13701.2512,10718.4416,11251.708,-11074.8216,-18578.5408,-7614.6736
332.0,1709.7674,107.1119,-1034.4164,-6695.6556,-4601.6972,12220.1368,16796.2416,-17344.3264
333.0,3965.8488,-9200.0712,-3886.7024,9882.4928,-13911.528,-7974.1208,8841.9496,12375.2248
334.0,8626.7664,-13423.0464,-2124.8056,5347.3592,-8740.0128,1559.3883,-1787.569,10885.9104
335.0,11301.8816,-5931.6208,-4254.674,19.9025,-5022.7,19978.2512,6572.334,-22457.3712
336.0,1119.5267,-6112.0844,9569.9016,11043.9024,19919.9584,-8492.4744,-9482.928,-18514.144
337.0,-6464.7872,-455.4699,9965.0536,-5422.8776,-12829.8448,-7178.4872,37022.2016,-13626.7504
338.0,620.2644,-3456.0888,-3831.2812,-3421.7064,-13132.284,4986.2248,36883.0912,-17639.08
339.0,-6987.3024,-8733.084,13620.6496,3027.4006,-10820.8184,7910.0712,12058.0744,-9349.96
340.0,-1607.2064,-6824.508,-1026.7135,3489.6068,-11279.1224,16334.4432,9046.9808,-7719.5392
341.0,-1341.0991,-6168.086,-8871.9952,-1552.083,-11700.8336,13122.1416,27709.1936,-10371.7064
342.0,4249.298,-6483.4772,-11789.5136,-611.5588,-10398.9232,21921.7632,23525.6048,-19825.9504
343.0,-984.3251,4759.4808,-8517.5624,23768.3152,7733.6856,2326.4418,-15549.1104,-14709.1968
344.0,-1474.3446,-4795.4204,3642.2864,17074.1152,7999.964,1638.3107,-12871.4616,-12302.6856
345.0,-5929.0956,-8758.572,-888.5533,1206.3105,-14525.6608,23597.4496,17155.0368,-11035.7792
346.0,-10254.4744,28009.7664,-13241.908,15180.352,-8195.3056,-6429.1616,16988.2672,-21823.912
347.0,7148.1448,-5735.5748,-9095.4912,9257.6584,-8402.1632,15411.68,6981.12,-15678.6224
348.0,-9020.0824,-7561.136,9849.7064,4238.07,-7564.9256,-9664.1064,23721.5856,-3942.4384
349.0,-2388.4966,7083.2152,-5205.7472,16456.0784,9147.488,-2177.7066,-14299.0464,-9437.0
350.0,14397.1712,-6045.9564,-16147.8,9135.584,-13307.3056,7270.1368,1075.5754,3357.6936
351.0,-1395.9833,-5650.9756,2380.0598,17494.7232,3574.4996,-1426.3999,-16305.6704,270.587
352.0,-4702.6084,-3145.5828,-6078.4124,5192.404,-10917.1736,8856.164,8528.6336,2446.3508
353.0,-2685.517,7263.4616,-6615.6224,20021.0112,8315.5248,-3945.4168,-14329.1536,-8934.0736
354.0,-4874.0908,-11228.1984,8899.6312,-1253.7924,-7962.088,3862.7828,6510.7316,6704.6924
355.0,-2342.581,-839.1964,215.8296,18891.8176,6223.8588,-5330.5352,-14075.7632,-3765.6272
356.0,-24.5255,4628.9736,-7586.7184,20689.1536,11920.044,-5111.756,-17410.6736,-8178.66
357.0,-4838.0156,-163.1469,-9768.236,-5342.9452,-14392.3584,16625.7008,24979.6208,-5881.88
358.0,16227.5136,-19638.8704,-8555.596,5144.88,-7288.2576,4249.0644,7169.0496,2725.2092
359.0,-2595.8706,-4870.068,-8590.7664,-2172.6058,-12502.2672,8959.04,20150.76,2305.3658
360.0,749.754,-4868.2008,4386.8364,10625.5616,16867.2144,-3786.7148,-16010.528,-8912.9776
361.0,3034.7248,-1302.2878,-20207.3168,-4267.1612,-16570.2864,19027.552,25903.5008,-4631.8388
362.0,9270.4456,-16730.7072,-15947.2752,5902.6088,-16680.7232,13698.4272,3193.5258,17249.8848
363.0,-2597.4182,6684.8544,-12103.5744,-6126.1148,-13395.5744,16239.5424,21024.0624,-8594.6832
364.0,-9510.3664,-1037.6113,-2037.755,3441.1316,-9823.3224,18476.5856,377.4228,551.5296
365.0,1093.7352,-4372.174,2288.3964,10202.7912,21247.0992,199.518,-20486.8816,-11021.1008
366.0,-9003.3336,-878.7041,10590.6112,5861.4,1692.2576,7769.4504,-11334.5216,-4806.38
367.0,4405.188,-7631.8088,7990.5936,9146.3664,9116.4248,-8464.8104,-13071.7416,-2408.1556
368.0,-6092.1416,-4227.1688,-4221.7808,-9074.8448,-3317.428,21977.8752,4753.9004,1173.9191
369.0,-4257.1748,-11834.0176,-2391.804,-5924.5904,1991.0584,6782.3352,-4006.6092,19604.9968
370.0,-1348.5704,4723.7096,-7558.9872,16141.7104,15201.8992,512.7161,-23335.6928,-5442.5868
371.0,10348.216,-17174.9504,-8253.8904,-4336.87,-2133.5656,23040.5456,-10470.7464,9096.8888
372.0,-3859.8844,7758.8352,-7288.8464,13855.4272,15991.992,-6317.3836,-19492.3392,-1578.417
373.0,-6145.5136,23838.7712,-14896.6384,11707.4952,-13471.6336,7985.0624,-5545.0816,-3045.8828
374.0,581.5864,6704.2364,-6787.1352,18843.4496,3116.5962,-1496.3911,-19265.9328,-2624.5098
375.0,-5880.1756,-7067.1408,12247.24,55.6053,2227.5672,-4000.0932,-7255.3456,9708.8168
376.0,9839.9216,-6841.9968,-11345.7648,-4155.7604,-2413.354,15422.8384,-4252.5728,4259.8888
377.0,-9210.3616,-1240.8257,-710.3993,2985.1502,-7364.0848,-1285.8394,6896.2208,10371.0232
378.0,19762.384,-2726.5896,-18136.2288,12128.1864,-11901.7328,-1830.1052,1690.7258,333.1707
379.0,-3210.7608,-6326.2364,14561.5632,-2411.2208,6897.2992,-12991.8976,1926.5076,1547.3292
380.0,1796.5566,-12665.5008,-3625.0372,-1297.0193,-7484.8176,-8793.6488,11709.4904,20311.8416
381.0,934.0222,-14127.1296,-5645.964,-1653.9698,-7154.7432,-380.1215,11517.252,16601.6528
382.0,-2543.1608,-1067.7935,3395.7248,6918.1112,18876.232,-2018.9072,-11647.136,-12148.9104
383.0,-8703.2352,-5294.3432,10831.9336,-1708.747,-807.1498,6430.1544,-404.0325,207.8233
384.0,-4865.5312,18502.9168,-13746.1312,19473.2832,-13951.6528,-76.8319,-2731.2022,-2655.0444
385.0,-8087.736,9160.32,-3690.6156,-10772.7952,-8647.9632,8182.7752,13082.6896,1473.0519
386.0,-138.174,-572.5761,5972.5036,3496.0004,10562.6136,-2626.341,-15102.5728,-2512.1238
387.0,1220.6045,7718.1544,-12537.752,-13432.3792,-15570.2368,31322.192,8740.6032,-6254.2772
388.0,-5084.082,10612.9904,-7495.7736,-9831.6272,-10204.9248,29984.7904,1712.4542,-8773.1544
389.0,-7575.5712,11092.824,-5201.5192,-4479.0264,-14047.9664,17412.688,3450.1212,-5.7879
390.0,3004.884,-431.0011,-1569.6582,-7661.8216,-4551.7216,19783.0544,-1544.7393,-6324.2276
391.0,-2338.0302,41344.6176,-16520.2832,2983.2888,-16262.8688,10891.3024,-9625.2264,-10283.8808
392.0,6437.66,11190.9648,-12556.884,-3390.4764,-17413.504,21045.488,-4333.0524,-856.8536
393.0,2543.096,6558.9932,-1175.9231,9393.8264,14537.3328,-30.8674,-19076.896,-13521.8352
394.0,28045.0208,1995.6022,-23824.832,-915.5607,-12634.6912,6436.168,-5159.2464,5383.314
395.0,2792.3898,3372.7916,-9716.2968,-12611.7736,-10723.2424,27752.5728,7408.7312,-6836.7528
396.0,-15251.552,42185.6448,-3826.5844,-1399.7041,-10940.1136,12460.1624,-3021.5882,-20733.6848
397.0,-7215.4752,8914.5184,749.7865,2091.6502,-11319.1192,13914.9936,-10873.8632,3439.1676
398.0,2073.3914,-2004.6568,-9605.5736,-12446.4296,-15537.7856,14066.7568,9492.9352,15225.2064
399.0,-9232.4864,39836.0896,-13092.0696,8369.1728,-20776.36,6984.6096,-11005.8584,-957.952
400.0,-8186.1896,36715.1616,-9875.82,-4038.8764,-11625.916,20109.7152,-358.4359,-22492.8288
401.0,-9755.3304,35448.8192,-8627.3808,-300.8173,-17066.8144,9959.4416,-3602.9852,-5918.2168
402.0,2217.5798,5498.7668,-11107.092,-8724.5144,-16312.3968,28431.4048,2388.9236,-1605.9054
403.0,1042.4109,10225.3512,-10573.7,-16522.8704,-18809.2272,18533.5344,16135.992,953.3276
404.0,-10598.192,9512.8112,11155.868,4253.422,-6007.8964,-3564.6888,-4741.3488,-293.6397
405.0,18242.8848,5809.8804,-447.2261,-5669.3924,-6255.0892,-13488.9056,3280.759,-3295.6702
406.0,1109.6356,-3565.448,485.6879,-6980.6336,-12444.3712,-4977.834,18372.1616,8444.9128
407.0,-6995.4688,909.9131,12636.8776,-1995.2784,-2443.9324,-4778.986,-182.3383,2992.6458
408.0,-12258.9736,52587.9424,-16669.6256,6989.5672,-17798.68,-2939.1016,4347.8364,-14046.6064
409.0,-5951.7524,601.8868,10746.8976,1210.3531,-3565.5484,-5440.6068,-1749.2508,4108.0956
410.0,-2364.676,1564.2289,-1221.4062,-11762.3984,-15600.48,2674.774,22635.8928,5102.6068
411.0,2092.5742,9307.9424,-2589.8838,12653.844,15515.3152,-10115.9024,-16252.1792,-11033.4872
412.0,24197.0704,4341.0024,-23843.1184,-2355.2496,-13680.8144,-383.4981,9753.108,1657.0758
413.0,-5543.9932,-2673.4988,12818.3904,-5318.5368,-5830.9332,-1565.6748,5392.4384,3238.7596
414.0,1890.3416,928.1201,2253.916,12402.5216,15992.696,-10008.1496,-16614.3072,-7927.1136
415.0,23772.1056,-5368.4288,-3656.4776,-3209.3274,-5643.814,-8742.1952,3749.0556,-1556.8143
416.0,19792.9808,-10415.8512,-8092.34,4009.5496,-3054.6926,-6537.9708,4036.5476,-413.0048
417.0,9352.6368,-7234.236,5443.1828,4982.45,2728.7978,-15379.5744,-1635.7,841.9185
418.0,-9686.4656,7654.3944,-10559.4176,2757.8044,-16549.7168,11747.3992,15725.2752,-671.096
419.0,-9773.7728,-5439.0728,12341.5768,2894.6368,-5332.0816,5280.7944,-2570.2374,2762.7092
420.0,-263.2428,-5964.0328,-6853.688,15992.4672,-4186.1164,-2169.9126,-2345.0264,5030.0804
421.0,4225.314,-7050.9464,3356.0356,7590.4264,553.3034,-5335.5152,-2740.085,-1041.8109
422.0,2768.5552,2173.1702,5296.2516,5415.268,13525.1264,1586.5972,-23111.5984,-7592.7864
423.0,-5724.164,41153.84,-12499.9352,-4320.0392,-12924.6296,13427.3504,1164.0674,-19868.84
424.0,2641.3174,997.2537,1282.4388,10710.9296,11868.8928,-5018.9824,-14520.1248,-8968.9736
425.0,-7610.6992,8601.9832,-4851.0972,-2279.633,-13751.9136,19651.9376,74.0736,644.5091
426.0,13832.0288,-429.5896,-17287.568,-5920.4516,-18336.2768,18409.512,-4765.12,14509.136
427.0,6559.5512,7682.1592,-2957.0108,-3305.184,-2699.957,-18999.7728,-3264.6934,15586.5056
428.0,1324.9501,16259.2224,-4507.3316,18385.272,1984.819,-10394.7128,-22260.6176,-1955.072
429.0,-2801.3498,19002.096,-1412.2559,19803.9472,1441.3468,-12843.8856,-21386.3968,-2941.0278
430.0,-4350.9832,7915.8,9456.7608,-8772.488,-10302.0544,2339.2532,2226.6098,2520.5522
431.0,7376.192,9628.7736,-9165.1184,-15873.784,-14548.8112,10252.572,10813.7184,2510.2202
432.0,2574.3132,27543.632,-14201.704,-17724.64,-18769.576,26497.4528,1210.3425,-6013.1484
433.0,-3169.2512,3141.8514,-6837.3168,-13944.04,-14132.5664,28275.4752,10195.888,-2136.6294
434.0,17410.0992,95.7775,3673.9536,-3039.5882,-3482.9928,-8577.1072,-2038.1654,-4922.6572
435.0,-9761.0536,13388.5856,3882.5636,252.7797,-9416.3576,9022.636,-3398.7684,-3844.226
436.0,-965.3636,-7456.9792,6380.7188,-2758.8106,-6573.8212,3731.3544,83.8209,7869.4368
437.0,19142.16,1893.5808,-15785.9248,-13459.7424,-17377.64,17771.1568,9808.288,-1903.228
438.0,-3959.2032,-11798.8792,-7414.2784,357.8229,-18342.0112,15048.32,3573.4904,22618.9328
439.0,-5622.578,1029.6488,5465.6888,9872.1464,12581.8984,1291.3137,-13526.6432,-11872.8672
440.0,-23624.592,27697.5616,-8405.3936,-1922.3686,-15847.2912,26256.4352,18187.0352,-22022.1664
441.0,-16984.3632,9041.0384,7509.528,-3369.6408,-460.3953,9930.7616,8288.8464,-15137.104
442.0,-9003.3744,8755.2992,9469.0928,9367.416,8589.3808,-4856.2608,-12163.0744,-10923.004
443.0,-9575.5352,6564.5552,-12327.3744,-13397.4928,-8497.8176,19950.6432,27216.5152,-9204.2888
444.0,-11438.6984,10071.468,-13536.2112,-10303.2344,-9460.0912,20640.5104,24254.9648,-9673.7248
445.0,6503.0124,6739.0104,-18899.9744,-692.0393,-8918.5224,9830.2792,11911.8448,-6675.242
446.0,-2473.7562,3386.276,-1827.5606,-7529.06,-6719.412,13693.5776,9506.6904,-7565.0568
447.0,4415.252,-4673.5116,-8715.7528,-1492.6908,-13858.0016,14555.9168,-4861.9528,14557.1584
448.0,-1329.2001,6162.46,412.3007,9452.9864,15432.0368,-4307.0168,-18275.6432,-8358.916
449.0,2027.1094,9162.9192,-3157.9602,11520.7136,20569.3632,-8936.8768,-20138.5392,-11954.6624
450.0,16784.1968,17731.0608,9537.7264,-1753.5774,2172.2392,-30081.9712,-6344.9884,-9952.6048
451.0,3864.0004,-4691.58,-8625.8264,-10149.74,-11781.4472,21089.5904,16816.2144,-5557.7492
452.0,2287.1574,-4277.8444,9672.7376,2169.6586,3049.8814,-6951.1784,-1999.8452,-3895.718
453.0,8717.0368,-8249.8808,1478.8385,-1725.7656,-7886.464,-5084.6724,9038.8096,4130.6572
454.0,5715.402,-488.2033,-13519.7456,-14054.4256,-14785.0704,20210.3728,24231.1872,-6087.8084
455.0,8290.6536,1260.7299,-3035.8582,21190.0784,6483.3628,-9180.5232,-23308.2752,-2894.4788
456.0,34086.368,-17030.3808,-5537.1312,2799.7426,4289.4876,-3859.8984,-8303.9072,-7168.6816
457.0,11489.6632,-7729.3816,-9842.7608,-12224.88,-9507.2352,17994.8032,16664.4352,-5805.8432
458.0,18464.4624,-11625.1784,-13041.0232,-11944.7736,-6814.9784,24899.888,6829.968,-6096.1048
459.0,-268.3353,30027.1168,-14836.4048,2911.3684,-8425.4512,-753.1838,2629.1426,-11040.4352
460.0,21045.064,-3997.0716,-13972.6528,-4344.0088,-5294.92,11352.8152,4466.228,-9244.1784
461.0,2112.5496,-920.4807,-1329.5309,9975.8536,23212.4064,-2519.344,-19643.2816,-11625.8288
462.0,8705.1024,-9158.9376,-8107.1336,-16722.7904,-9275.1624,23305.4976,18317.4128,-6391.4552
463.0,26676.7408,-2275.6232,-26507.8288,-338.5305,-9495.3368,1262.3453,16102.92,-6156.5288
464.0,3004.5174,-9100.6752,-6039.288,-9729.5224,-6139.65,16616.5936,19253.3456,-7281.6104
465.0,-9063.7656,30115.408,-16809.6544,-1821.778,-9064.3712,-1600.0465,20198.9712,-11401.504
466.0,5355.7992,-14838.7488,-1560.9219,-1847.0674,-11393.2312,-3900.5728,14186.8576,14092.4896
467.0,-17227.9712,20197.08,-3729.2908,-9604.2264,-9648.5136,13526.032,14484.488,-7456.7888
468.0,14983.0416,-18655.112,-12242.4384,-2505.7468,-9046.1368,8165.3624,-7346.452,26746.9712
469.0,-6894.7976,27308.2336,-16046.6304,5120.6888,-7080.1904,-6908.8856,894.9062,3510.2944
470.0,21495.4016,-13928.28,-7977.4592,2355.2984,2535.0844,-6610.986,-6763.5056,8256.46
471.0,-6594.5148,-10129.4544,-5513.9712,-9727.5744,-13735.6672,15552.1872,13242.5056,18157.696
472.0,12176.8592,-10664.872,-11463.7688,-12502.2048,-3875.4316,20913.0976,10584.9552,-4654.122
473.0,1038.1439,-823.562,462.6271,9407.5016,17664.5232,-162.2917,-20874.9824,-7487.9944
474.0,-1786.2718,-9037.1696,13869.824,-3876.476,802.1059,8139.8352,-9297.944,1238.2876
475.0,-8121.3928,461.1144,-12707.0672,-4535.6796,-11528.332,30698.1536,11193.052,-4988.5352
476.0,22.7935,4069.3636,-5020.7076,20722.6384,3467.3628,-1056.9275,-24724.1952,1424.4757
477.0,-9880.568,23526.136,-12826.82,-1412.5806,-7749.8376,15550.48,5600.8492,-12663.012
478.0,-3692.336,-2217.6146,-7322.6784,-4707.2096,-8354.692,22263.8704,9403.9664,-5074.9632
479.0,-3683.2232,-1189.3945,-11623.1368,-996.1778,-8502.6864,18224.1472,-186.4102,8128.2976
480.0,2163.3156,-6033.8272,-13465.1808,-6318.82,-7664.216,25221.4,1805.9726,4837.202
481.0,7431.9664,-10252.8664,-9799.0336,-2976.9888,-8244.4928,2386.7542,-3194.1284,24691.8288
482.0,1992.1158,-8809.5312,14344.6784,-2596.2474,1788.3838,-11579.212,-3341.2212,8423.872
483.0,12713.0856,-14943.1232,8687.6776,6094.0532,5180.0836,-12273.42,-9231.1048,3608.7316
484.0,-234.6852,-2742.239,-2611.5336,18904.4416,22664.4656,-12421.092,-19474.8912,-5155.8592
485.0,-7602.3024,1037.8677,2107.697,7332.0536,15904.9216,1249.2323,-17551.0,-2172.8648
486.0,-11120.8592,-13384.6552,-445.5866,17574.112,-21114.648,-9920.544,116.4906,38426.8448
487.0,-14522.7456,4567.1312,-11215.2576,1703.94,-17298.4192,24270.3536,14826.4128,-1456.0585
488.0,4033.6956,-17485.6464,-14103.9376,12526.592,-21421.0064,3863.9004,1083.233,31885.8112
489.0,-9192.6008,-8876.5792,-6316.4864,2332.7918,-12532.252,15041.3456,15318.3376,5191.3184
490.0,-6647.5672,-11813.7336,-11716.08,2465.2122,-21134.2384,25442.7616,13395.568,11144.7664
491.0,-8298.3504,-11948.496,744.9548,10619.9,-12947.58,-3709.5384,19562.7952,7050.2016
492.0,-10672.8152,-8920.3488,-12080.7344,611.6366,-22163.2672,12621.9704,32542.6528,9213.1272
493.0,-7839.9264,-4086.552,-16978.6848,15727.3552,-20984.2816,5142.37,6114.3084,23300.1872
494.0,-14806.5104,815.2039,-376.284,13532.688,-11216.2576,4315.7052,1657.9987,6146.6748
495.0,-4125.4664,-2404.3542,-18839.5728,-5003.002,-20437.3712,19247.4768,26491.5568,5642.3104
496.0,-799.5538,-13449.4832,-5721.6588,7487.168,-14903.1456,10593.3088,-4078.2072,20707.9856
497.0,-6647.4928,-6302.4188,-15860.5152,-9723.9968,-18924.0272,26160.248,29569.4464,2931.3952
498.0,-22567.1328,-2099.3244,7837.944,3782.8148,-14780.2816,15413.696,-9430.6592,22044.2464
499.0,-4725.3712,-692.4745,-890.8023,21212.4624,12968.2464,-326.8883,-24969.8608,-3330.4976
500.0,-2776.8936,-322.3095,-4990.4432,14317.3632,20307.6576,1454.3086,-28753.8336,-178.285
501.0,-3763.1,-8735.3944,4785.792,20788.944,7232.716,950.1832,-30832.032,8396.9296
502.0,-4997.9596,-3119.1458,2469.7352,12826.464,19046.7104,-899.1676,-26141.6928,-49.2843
503.0,6409.6044,-13453.8912,-2171.0948,5486.5348,3257.1856,19500.3616,-22846.0528,3597.3104
504.0,7650.6544,-19982.0016,-9157.4328,4600.2196,-5860.8504,4777.6796,-7155.412,25004.304
505.0,2966.1614,5780.08,-9992.9944,19846.9488,8817.6288,-4570.93,-27924.736,3950.2448
506.0,7284.5472,-3605.0396,-5645.5924,16096.1088,23585.616,-8692.7384,-27501.6928,-2690.004
507.0,-3607.672,-4108.7352,11971.8216,4686.8892,-773.7284,-5335.5068,-6579.2372,3898.9604
508.0,-2543.868,-6746.3312,12425.1096,3386.9004,2332.3892,-3113.6312,-12054.1472,6359.8888
509.0,-3921.3228,-3993.1684,11290.624,5063.2692,5008.5244,-1059.5737,-16472.4016,3976.526
510.0,-2407.4126,-8163.312,-1063.2703,1913.8314,-7908.9016,16176.7568,-6512.0368,8403.7176
511.0,5404.3944,-8279.2352,-17336.152,-14098.3168,-15977.9456,39569.0592,10865.916,1189.6028
512.0,18214.6208,-4405.2028,-6144.2188,7968.76,-6979.336,2263.084,-17891.6608,6596.4552
513.0,-6082.1668,21243.0272,-10702.8728,8806.2304,-4783.7596,-465.422,-16145.2368,7969.2128
514.0,297.5189,-9678.2968,-3234.2526,4723.556,-13237.8536,13173.3312,-17190.9808,25522.936
515.0,34643.2352,-16630.0256,-17101.32,1609.5477,-3194.1298,-1046.043,-6907.9552,7905.1632
516.0,30531.696,-15111.4096,-20103.9184,-3176.1644,-7664.96,13339.468,-7472.8488,9508.1056
517.0,15975.448,-16557.9664,-10591.9528,2903.2776,-10842.7968,11441.3968,-16518.1584,23953.8496
518.0,242.951,-4947.0484,-9158.548,-6286.0,-11926.62,27395.8912,1921.3278,3407.8844
519.0,-1926.827,-7374.2688,-3751.2312,-9014.8008,-13959.8784,20910.976,10952.7376,5281.2648
520.0,8338.5488,-4041.7872,-13276.552,-10428.472,-11235.6144,19603.2272,10361.2048,1516.8861
521.0,5344.77,-11163.5928,-14740.7376,-14509.8464,-19014.7328,14588.2864,32770.608,8027.2064
522.0,8895.084,-12767.572,-3137.496,9099.4344,-6545.7672,-9206.0456,-9456.3744,22769.9312
523.0,6267.0604,-15070.4144,-11872.2568,-1322.3741,-19455.5904,5855.8404,3182.1392,32799.4112
524.0,4958.8964,-3663.308,237.1482,14338.3152,19028.2624,-13901.2256,-19655.9744,-2429.7204
525.0,10777.8728,-10166.8144,-10304.8968,-9612.32,-8140.0352,18720.9184,9103.7416,547.9657
526.0,-12852.4632,28954.864,-10460.1056,3395.0868,-10542.2952,-4356.9956,8170.1792,-2021.38
527.0,-7862.3736,27189.5008,-15546.8576,22.7245,-11682.0928,2409.6412,8482.8792,-2900.3492
528.0,5631.654,-2312.4382,-2947.3808,15030.2512,24276.2672,-14545.352,-22540.8352,-3794.8332
529.0,23021.3344,-15516.56,-7671.352,7204.8368,-654.9901,-10338.8896,-3845.8904,7174.0224
530.0,28593.1872,-17572.3024,-11081.9264,6231.3688,-1799.7858,-5987.0428,258.4823,1123.6014
531.0,9848.0184,-5323.0756,-1522.8839,1164.5887,691.9096,-2276.5826,-9636.2672,7186.0064
532.0,12953.5824,-17848.8864,-11194.136,6361.9028,2707.5192,-9590.1536,8722.8712,7385.0408
533.0,5930.5724,-15189.3584,-9058.3368,2472.9214,-5625.9804,350.3074,2311.1286,18702.1152
534.0,-4976.3296,3103.5878,-4320.0292,19455.4048,10837.12,-13355.5888,-14704.8688,2843.083
535.0,-4241.66,-389.7033,-1046.8157,7673.3344,18269.0784,-8392.1608,-9925.6064,-2544.643
536.0,-14073.5152,28100.1632,-13698.7536,-1009.7878,-7906.336,-6467.3448,22575.576,-7336.892
537.0,-6781.3168,9632.032,-7970.5984,16646.8656,13970.5024,-10412.244,-14710.8512,-1233.1307
538.0,7196.132,-6166.6032,-7447.8696,3611.24,-10580.7112,-3970.7388,6457.4264,10514.7696
539.0,-2484.6652,-4547.0316,-5940.9056,-7139.8456,-10852.2392,11125.4984,23766.8288,-3197.9792
540.0,9029.448,2009.7858,-17939.0992,-10188.2224,-11767.4352,21801.6368,21093.4128,-13545.3664
541.0,2610.073,-352.6967,-708.104,17891.36,10725.132,-13670.4784,-14049.712,-3511.3248
542.0,25821.152,-20066.0992,-8348.3064,4533.7648,-2106.1416,-4441.9292,10947.8944,-6410.0036
543.0,98.1844,5086.6968,-2634.069,15840.5376,10319.596,-13383.6624,-11251.0256,-5014.0008
544.0,8526.2072,-4851.0576,-10291.08,-4589.9608,-10779.4912,13700.9392,13902.8832,-5211.7396
545.0,16134.5024,-7345.3,-10873.2112,1088.1072,-6095.2536,18428.0192,-4036.3892,-7256.6848
546.0,2161.1562,11105.6312,-12614.6608,19340.8128,6881.4928,-2488.178,-21248.7728,-4130.2408
547.0,-4138.5304,-3475.064,13508.1824,4557.9652,5175.6496,-5180.1544,-11679.78,1003.1556
548.0,17037.0976,-18908.9488,-1534.8462,14074.4448,4559.4772,4888.0424,-21248.7552,215.5571
549.0,-7742.0712,-3193.1336,7794.9552,10220.1408,15685.2624,-15813.3648,-11280.8024,3702.3432
550.0,-1008.5839,-6512.6044,-14640.68,-7663.9552,-12279.8848,32753.9584,6905.392,3164.8666
551.0,-5892.5268,-2127.3406,-160.1228,13793.6496,19878.6912,-5942.1268,-19672.48,-852.4005
552.0,-1246.0227,-3052.9822,-14328.5344,-9610.1784,-13647.9168,23211.2224,18789.2896,607.3348
553.0,-8703.5256,8185.5504,-5696.8688,17844.4784,8701.4568,-13263.8128,-11300.2216,3223.9516
554.0,-15257.6336,26659.2592,-13321.3616,38.3224,-11524.7848,2242.0002,17207.9552,-5725.1964
555.0,9731.932,-15305.52,-6732.856,8911.2536,833.0899,-5575.8168,5896.6596,1953.2818
556.0,-5848.7064,-1641.8467,-13378.5912,-9836.0568,-13276.832,11275.424,36034.6336,-2426.6442
557.0,2475.2416,-9266.2248,-8424.8456,-12315.4824,-11977.4728,957.7326,39156.0416,134.7701
558.0,-6455.9804,4705.4232,-5228.8776,21937.4224,5322.0192,-11027.7904,-17902.8496,7710.0312
559.0,-3594.6856,-14283.1008,-7384.2408,-8128.4128,-12633.1992,11386.1712,30848.8736,4758.2636
560.0,-4118.1392,-10517.4472,-8650.5352,4170.1148,-11426.6712,-3120.6448,9163.5184,24380.0736
561.0,-2855.8972,-15275.1584,7090.1792,19046.6464,6277.8564,-14773.1456,155.8205,278.0019
562.0,22993.5856,-23815.6224,4013.6124,841.1429,-1133.0089,-17569.8208,14086.8416,-288.2849
563.0,-4991.8216,14274.3424,-7029.4544,1034.006,-2865.398,6303.33,3600.1572,-10904.9104
564.0,-12349.2448,-6471.4704,3510.414,6869.9792,-5862.0216,-14712.3664,6349.1816,22624.1312
565.0,-8407.0336,-8451.3056,12180.872,11572.2472,9210.1072,-19250.2112,-2217.6088,5141.3296
566.0,-2036.4478,-10307.1688,-6851.8648,-11264.0784,-11191.0272,14200.7024,31200.6592,-2604.841
567.0,-9504.0656,-7375.3152,14644.1248,2494.2208,660.7453,-4451.044,-2397.2812,5975.6644
568.0,-5521.9416,-3120.0754,-43.2439,14068.4544,20640.3088,-9037.7672,-18525.6672,622.7376
569.0,1090.1156,-12004.2064,-4000.3364,3956.1092,-5335.5796,3779.7888,-6082.48,18556.7248
570.0,-6607.982,7171.664,-6875.1624,12925.5672,9295.7048,130.0383,-12523.8984,-4418.3076
571.0,-11253.9592,-1426.9596,11040.7888,2959.0622,-776.3639,-2561.1608,5392.6256,-3349.719
572.0,-4461.8332,-9569.0856,-8754.2696,-10256.66,-10424.7576,23432.52,28351.6448,-7210.5824
573.0,22083.8784,-5506.3148,-22205.3904,-2658.7896,-319.4828,5851.834,15943.096,-13522.5456
574.0,-4926.818,-3549.246,1153.3875,13998.76,18384.4416,-3489.1936,-17774.1856,-4796.7208
575.0,14309.0912,-19092.576,-9310.376,7433.7824,-1063.5565,5088.8576,5267.6924,-3159.7994
576.0,-3100.719,-10136.2904,-10165.9864,-12860.928,-11530.76,29949.1456,31263.0592,-12382.5272
577.0,24622.2512,-9564.4384,-21596.8304,-54.2609,-7333.32,18839.4256,4711.5168,-10043.948
578.0,-1015.4832,-9864.3584,-7443.6272,-12061.3632,-8998.252,37295.6,16854.3776,-13672.9504
579.0,-11819.544,-662.4701,-8140.0584,-5049.7596,-11335.9552,25229.5392,18396.8224,-5958.3756
580.0,-9308.8008,6656.076,-4861.0024,19192.5744,6996.0272,-4012.5608,-14588.464,-1137.1991
581.0,-6299.612,9289.1288,-9320.7736,16372.8864,8945.1432,254.077,-16346.4752,-3835.2448
582.0,19458.688,-17320.6704,-12157.4704,4144.3024,-3001.2652,1588.9926,12692.9544,-5877.5004
583.0,-9476.4472,-1056.8242,-12012.8328,-7098.0912,-15840.7808,28657.9968,23360.3792,-5808.8672
584.0,15577.352,-17659.0832,-10303.6584,5259.0804,-1376.7008,5568.4108,6450.6644,-3962.514
585.0,-16382.1344,31012.3776,-11343.9768,-2132.6502,-4350.1064,3952.3116,23418.3568,-24567.6848
586.0,-8136.8096,-7385.2368,13384.6816,1233.6554,1702.4154,4861.0184,-5732.5096,-25.285
587.0,17950.3344,790.0001,-21961.928,4070.7564,-7241.1896,7426.104,7281.6464,-8522.532
588.0,19785.1216,-1683.5092,-22264.2768,663.6893,-11252.2,5996.0316,14143.3552,-5466.8968
589.0,-19375.9488,39981.5008,-18835.3424,-580.7635,-14294.3088,6852.4992,26884.4192,-20091.1664
590.0,8102.6288,-11758.0704,-13687.4704,2077.8244,-7419.2944,13734.4752,3314.9576,5631.9596
591.0,-2236.5684,4584.6332,-13825.6144,-6913.3048,-4295.7936,13470.2688,16328.7376,-6261.7736
592.0,-13052.052,6446.7308,-11328.2352,-3178.1688,-11226.4776,11552.1872,21199.0256,105.2432
593.0,-6053.644,-2581.6398,-9307.8216,3204.936,-9925.4664,9974.1712,-5438.9276,20118.264
594.0,1618.0353,1032.8853,-24084.4048,-10077.9944,-17087.688,22819.488,20743.7008,5714.6608
595.0,-7284.844,2066.3206,-5342.8576,14914.9312,19565.2544,-11106.4992,-16400.0064,2481.0336
596.0,14413.0784,-10023.7416,-16060.0208,6438.6796,829.7583,-8732.0928,8212.4808,4568.398
597.0,-16555.3328,32664.192,-15243.2912,-2678.2062,-6940.6016,-7115.7448,26012.3888,-10011.424
598.0,26918.1536,-8253.3968,-25451.5952,1033.938,-6450.7628,-14336.1056,20530.6624,5559.6636
599.0,-22039.9184,34004.1536,-11942.5792,757.627,-6704.84,-6342.7696,19120.5216,-6700.0816
600.0,-10806.1024,2464.7566,-11744.9968,-10752.5976,-13739.5664,3965.6368,36328.4576,5201.288
601.0,-11436.5344,3975.702,4858.5636,5115.7376,1256.1244,-2182.9204,-5469.1764,3615.05
602.0,-9626.2496,378.9967,13506.2016,80.9398,5442.3764,-18442.3712,1268.7467,7251.6176
603.0,1403.1669,-9459.0088,5048.612,11619.2416,10043.244,-19054.9104,-2653.6232,2338.1558
604.0,-7309.6328,-1787.4984,-10248.748,-19732.7088,-17755.688,13717.4928,44250.7584,369.879
605.0,-3237.8396,7036.1776,-6854.5824,13315.452,7892.78,-8224.0696,-17170.1232,6067.1968
606.0,2945.2588,1265.3636,-12486.596,-16990.0704,-10995.1648,-202.4968,37021.9232,289.4893
607.0,-6472.3244,4658.1396,-474.4446,4154.534,22110.2272,-9318.4912,-12786.4728,-2547.8088
608.0,8304.736,-10060.252,-11821.1408,-4592.9444,-9350.124,624.7086,4013.0048,23221.024
609.0,-8223.536,2570.7176,-7939.2752,-15729.5104,-11588.5984,28168.7456,24171.7168,-10202.7904
610.0,-15403.976,33122.5536,-12131.2568,-6001.0744,-9531.7328,469.3216,23354.1712,-13465.4
611.0,-5566.4716,-2030.192,4562.5104,12703.5488,8487.4424,-10632.044,-15852.1072,7387.7152
612.0,-7526.6312,-2077.9938,-8626.4696,-18358.7136,-18259.5376,8458.8376,45464.192,2157.9348
613.0,-2311.726,2308.977,-2935.3828,-9512.72,-1588.0389,9670.2848,12523.464,-7653.588
614.0,-4398.1504,-3852.8884,-9866.5456,-17985.2096,-13080.8088,18947.0176,29900.848,1573.0624
615.0,-12535.3544,4978.4608,-5976.52,-6389.482,-6485.46,27993.936,-1272.3607,13.4634
616.0,-3916.6972,3366.858,-3683.0896,-11846.3656,-1709.5084,26760.936,-5468.4916,-3104.7622
617.0,6186.6788,-7076.736,-17196.4528,-6461.4056,-14681.8992,22824.9104,-7511.8376,23838.7968
618.0,-9496.2992,228.1559,-1942.6746,-8255.6776,-6993.3216,23504.7952,401.8567,2964.0538
619.0,-13109.0368,1512.3419,-373.9781,-5198.6092,-9829.6696,19502.8672,-13728.8416,21411.7056
620.0,-6743.304,-362.3462,-184.0506,-9716.6552,-1061.0729,32672.5984,-9195.8144,-4555.4932
621.0,-6734.9176,6756.7752,-1947.6286,15642.4544,8871.1024,-2395.898,-26892.5184,5589.37
622.0,-4858.8348,-1156.1782,-11845.7664,-20155.2672,-17027.3008,33574.8896,21786.7248,920.725
623.0,12547.4928,-8651.776,-11498.7608,-5592.0224,-2211.8696,-3711.2704,10132.4544,8633.0808
624.0,-8527.6464,146.6799,12721.1664,-1498.3428,5198.31,-1043.7865,-12056.212,4728.3496
625.0,-12426.5568,5940.8204,-3029.1184,-9101.224,-6968.3544,11953.2976,12263.3152,1673.1019
626.0,-10486.3336,-1528.1924,14413.8496,1484.8201,4917.9108,-4628.4112,-14494.0464,10150.0272
627.0,-3466.0484,8237.332,-8446.1032,15727.5616,6782.5304,1687.787,-27761.8272,6156.1464
628.0,-5924.9184,-3567.1876,11798.6048,-3004.5376,857.3231,4015.286,-9507.0296,5380.8588
629.0,16994.2192,296.3847,-17053.56,-4356.986,-9406.8048,11433.2496,-2792.4548,4728.1856
630.0,-6555.8872,2334.5612,1538.0195,4941.8052,19675.9984,1603.9712,-24002.7136,-407.2721
631.0,-5015.4072,1330.2582,-8091.6176,-11703.0056,-11886.1832,23465.6112,11203.708,1222.4257
632.0,-7558.36,9813.868,-5161.4332,16064.1392,2888.9366,-5026.5636,-20636.8304,8651.6408
633.0,-7800.2216,-5628.5536,-6914.6776,-3232.5198,-11950.9256,11938.1096,2898.1744,20548.3104
634.0,-2125.957,-1213.5607,-15534.6656,-17132.2864,-14726.3424,21572.5872,30704.4832,-494.3731
635.0,-17634.0,31413.7024,-9111.828,-8334.9248,-12709.7624,19904.2384,10395.2688,-13523.8336
636.0,25748.552,-13164.8304,5744.096,-3763.2648,1862.2168,-3279.8494,-11643.0672,-2936.715
637.0,-3928.558,11660.8056,-8134.5592,9750.9768,12723.1488,952.5688,-23370.224,-510.5428
638.0,4544.7484,-5062.1944,-5804.2396,6731.96,-7227.7832,23793.6176,-22705.6544,5818.5744
639.0,-11323.044,204.6618,905.3359,-8652.3504,-16625.7232,7067.3368,14610.2016,14732.6384
640.0,-5360.9452,754.0146,-11360.8656,-14087.176,-20887.48,32108.5184,37520.4736,-17500.1968
641.0,6523.4564,3764.8884,-11855.6624,-4371.2124,-14107.5152,18834.1968,19522.6176,-17915.5776
642.0,326.7418,-1175.979,-17767.7664,-12370.7,-24283.8608,31348.7552,38109.312,-13263.7848
643.0,-10401.012,-74.5427,9580.2416,2676.711,-870.4145,12638.9792,-8742.22,-4777.9112
644.0,-1786.485,1169.3628,-7163.6328,-6421.9804,-16134.9312,28651.6704,15179.888,-12718.5584
645.0,-5828.5724,936.6951,-2419.8474,-10423.256,-19702.352,26439.816,30503.072,-18547.8256
646.0,-8445.5208,4591.502,4820.0356,19820.9312,-2373.1684,-1603.4734,-18477.2976,779.3804
647.0,-9151.5472,-5077.4188,8092.3264,-813.4957,-20263.192,8278.5976,13889.8912,5522.4376
648.0,14667.5792,-13369.0896,-3084.4234,6442.54,-8859.008,-1688.8898,-4290.7564,9648.9112
649.0,-17298.5664,39383.9584,-9413.0448,3952.9836,-26759.1616,12038.664,6450.8592,-7796.8616
650.0,-2331.815,-558.9219,2614.33,18239.1792,12089.416,-2426.254,-31187.4176,2663.0848
651.0,1042.9865,-4866.5424,-3407.6632,-7738.3088,-8672.952,16174.8096,-7205.596,15047.6064
652.0,14206.3056,-13965.352,-587.8438,931.6571,-275.0581,-7655.7576,-12569.552,19526.24
653.0,15653.8576,1035.9764,-6331.8168,-14147.7952,-13847.096,10565.4192,5329.612,2150.17
654.0,-11600.3856,215.0464,17397.1168,-573.5738,2795.7294,-1997.638,-13970.2576,7584.4192
655.0,15451.9744,-13062.8776,-3850.2076,-203.6595,-174.2264,7439.6624,-8666.2736,2913.904
656.0,-12272.224,1583.3167,4336.6564,-9763.5,-6630.6904,17064.904,2826.75,3102.0288
657.0,2252.3492,-7875.3264,13204.9696,8335.8504,11637.7656,-11379.4392,-15903.2144,-1092.9254
658.0,5780.0104,-10343.0912,-16129.816,-53.0939,-10005.2904,20895.3664,-9777.9104,19667.1264
659.0,-8706.028,-5380.2128,-9383.1024,-7995.7152,-14351.528,1254.6892,21845.0016,23691.8928
660.0,-8404.2448,869.9557,-13512.9472,-12195.3264,-17762.6704,8571.028,45695.984,-2210.3798
661.0,-1959.0272,1135.7543,-5014.9792,16672.4656,23720.2688,-12930.1112,-24515.0096,1797.366
662.0,-3774.2816,4122.8036,-1491.864,20513.9024,12922.3024,-23072.5312,-3439.7472,-7258.5696
663.0,-10225.0304,9348.6464,2477.5534,1204.9971,10882.9824,-5880.7816,-14311.1136,5975.6424
664.0,16379.4368,776.2933,-8557.8336,1339.0388,-5491.5844,-11267.7784,2819.3052,3371.7884
665.0,-16444.696,23813.936,-88.5014,-13348.5096,-16214.6128,18443.576,19470.9472,-15529.0672
666.0,-13977.1344,11520.1272,748.4592,-14310.6032,-16856.5568,9005.72,23657.2832,956.1757
667.0,-8787.6024,5238.3368,5887.8204,-639.8199,-16855.5632,7357.2976,-9523.0088,17360.7712
668.0,-11146.0264,6296.3488,-603.6469,-11896.2536,-17398.3392,36615.632,7968.0784,-9110.1936
669.0,16832.0912,4563.1068,3024.9558,-3082.8804,-8194.5232,-1424.6759,3636.0836,-16213.7504
670.0,-1637.7192,2373.8376,-7138.9304,-4095.8044,-20380.9904,23303.0784,-7522.1192,15183.7936
671.0,15694.6752,14301.528,-18176.8112,-3374.5512,-21099.808,1673.2323,-1127.8865,11454.7872
672.0,-10575.6152,7929.5296,11535.5184,-938.7228,-112.3671,7890.8104,-15267.8704,-429.4847
673.0,14923.3248,8744.164,-9485.9032,33.7589,-12641.6072,930.7728,-7861.944,4940.5708
674.0,-8630.5008,9404.5272,-11255.656,-16058.5584,-21916.5552,34411.472,15265.5424,-362.9449
675.0,-4667.2284,9460.4608,5310.6764,7855.964,14297.1856,-6683.0044,-29189.2704,2550.4996
676.0,-9438.4032,5555.4544,-5413.684,-18819.3456,-19106.2032,32615.568,16503.3664,-618.5694
677.0,-5918.0216,14100.5008,-12574.392,-18469.2832,-26067.6464,20813.5728,27494.672,1353.0809
678.0,4907.3068,-511.3478,37.9662,-1426.116,-10813.9792,3210.6098,-17337.3072,21727.2064
679.0,-1107.1783,8182.9336,2825.4794,7644.7424,16246.2992,-9301.6384,-31244.1568,5510.4972
680.0,-20709.1424,29575.1008,8520.484,-7073.216,-4195.9308,6762.7296,-5568.6216,-8239.1072
681.0,-4422.0288,16402.6848,-1896.2644,9008.5088,7245.7816,-5335.5136,-24338.5024,2279.1616
682.0,-5939.234,9460.9512,-1126.7734,19836.4864,290.5991,-3275.7518,-29377.776,9125.8112
683.0,-15149.0368,5433.1368,1163.5262,-8653.8464,-19775.6288,26722.3728,9905.3616,1553.5455
684.0,1262.4698,2726.6386,1312.9795,9570.9432,-14459.4656,1393.9441,-12036.36,9789.5608
685.0,-8136.5544,7183.5848,15209.0448,-422.4254,-8935.5296,-3461.5492,4029.4576,-5383.5224
686.0,-2244.4914,5143.7528,4212.2612,-5229.0404,-10437.5352,3533.1256,15674.1264,-10390.6624
687.0,-6781.2248,2404.4172,17197.9104,-2083.6756,-4934.8148,6900.3608,-9779.2256,-2637.6186
688.0,-5557.0772,100.2161,630.5335,-6914.3704,-19512.5552,24311.0272,9549.1544,-1982.2808
689.0,-8868.5096,38403.0656,-8635.42,10275.6072,-23826.1056,6042.4832,-4616.6564,-8768.5744
690.0,-6473.2296,379.9112,-775.266,-5431.0668,-17920.6624,21293.112,8494.92,1313.0438
691.0,3086.5458,-937.8217,-9353.472,-16693.7072,-25174.9472,22239.5648,33879.6832,-5993.4316
692.0,16216.0352,-9350.6296,-4746.642,4161.5424,-12705.1544,9175.0,-18046.0896,15100.3504
693.0,-6318.9648,1503.7472,14727.2912,5294.1928,-2013.4184,3328.0646,-15311.3328,-1538.7542
694.0,-2494.395,2482.9812,2941.4148,15887.8096,16826.1712,-4774.43,-24202.9936,-7807.4944
695.0,-3737.8776,4646.1668,4544.79,11994.6632,12242.5936,-3823.0124,-19012.328,-7827.7176
696.0,-16493.768,1517.9294,2640.889,-5066.31,-16899.9328,30505.8496,6985.2472,-2399.205
697.0,-4962.0612,2695.9624,8415.5736,14709.7232,4896.2064,884.4711,-23731.2192,-3731.0388
698.0,-13670.64,27483.2608,-4279.3988,20888.6288,-18110.3072,19281.5008,-30681.5648,-1618.0321
699.0,-7855.0,-6476.0024,48.3406,1205.0537,-25119.8208,19032.3904,-253.5034,19440.944
700.0,5742.7332,30.7673,2399.0618,16053.2288,5878.078,10254.8624,-14919.3184,-26406.992
701.0,3280.4714,-8846.632,-5623.3412,-1678.0306,-13136.6056,38833.7984,-8635.12,-3909.3628
702.0,-9993.296,397.4507,16574.0032,-2649.1138,-6779.7208,16062.4592,-5183.1248,-7956.7968
703.0,-5429.7936,3568.236,-8886.8272,-10343.6416,-23539.5168,32517.9552,17009.2384,-4265.2804
704.0,-15067.7904,5659.942,16791.1584,2171.1246,-8451.1824,6436.8652,-2282.6618,-5435.9248
705.0,-8118.6256,17272.6672,-3952.8156,22149.192,5989.544,-9776.8904,-16143.1616,-8471.1272
706.0,-8067.3288,478.8483,-2331.6452,-4381.4652,-20739.4096,17453.0368,30327.3312,-11997.6856
707.0,-7599.5584,17019.304,-1815.1172,16262.608,1749.4788,-6362.89,-12244.6832,-7506.0576
708.0,-1184.9847,-14687.1216,-6445.7816,7610.5408,-18840.7056,9169.056,7983.1096,16550.896
709.0,-4639.6656,9118.6344,8066.3208,17929.2896,3339.4516,-15450.0832,-6874.9896,-12677.6488
710.0,-7253.756,5452.7868,6572.098,-11089.9128,-15066.4864,5953.5584,28948.2976,-12398.3048
711.0,-13518.1904,6079.0116,7720.8792,7507.2608,-1679.9162,11143.2032,-11238.0312,-6232.9076
712.0,6639.7508,3537.6068,5553.9676,309.6341,-7140.6752,611.1521,-250.6151,-9150.4496
713.0,9979.8088,19051.0384,3792.312,6523.4992,12036.4288,-13498.3744,-16031.6032,-23138.7984
714.0,13103.7,-5277.624,-8485.2664,-3052.8554,-8167.7192,-6362.2384,21621.4512,-3825.9096
715.0,15383.7248,-10009.6752,-3011.4346,-15694.6848,-10919.508,17275.5104,17058.216,-9069.1136
716.0,35504.5088,-10561.6072,-2656.2652,-6732.28,-505.3804,-13627.8912,7584.5536,-9049.2936
717.0,-255.7254,-4172.7248,3693.7748,-15387.5328,-16046.6512,15793.824,31733.8624,-14105.2496
718.0,5210.2812,-2923.0624,6035.6056,-18551.2464,-7214.5568,2754.8504,27129.1392,-11714.5392
719.0,2102.3748,2976.925,1877.9478,22391.3088,7609.9552,-9926.2352,-26902.4672,-1280.7067
720.0,1864.0504,-7690.4664,11284.4256,12119.1504,20987.3728,-9717.1512,-27033.4496,-2658.1342
721.0,838.7638,2226.7344,1810.4884,-14180.2304,-15524.4912,12327.6608,28423.7536,-15092.032
722.0,410.3648,-4318.0356,2026.0568,-9682.0784,-15126.5248,17943.2496,18407.8064,-8924.9616
723.0,3577.0336,-3795.3776,16774.0464,-3375.264,-4349.1624,-884.9338,-2914.4122,-5008.7052
724.0,1657.4471,-1365.3604,2691.7048,-10285.7608,-6393.4044,6442.756,1763.95,5682.8436
725.0,-14436.624,25753.1968,-4382.516,-3821.3732,-18136.0432,13048.384,17909.7984,-15589.7104
726.0,-1648.5238,-1577.4054,-7970.996,-11409.66,-12635.7616,16671.44,23615.5024,-3827.2432
727.0,-7349.124,29229.1168,-6272.0336,-1351.5377,-9128.2672,-8438.9656,14384.2096,-10837.6824
728.0,8143.5384,7607.3632,3280.3364,-6401.4912,14103.8368,-20052.2208,-6215.0804,-1227.3083
729.0,-4138.8488,10827.248,-3206.1818,-7007.8064,-27946.5344,2410.99,4900.6924,24288.2096
730.0,4313.8752,11308.6856,-6763.5744,-13557.8672,-20633.3296,6007.472,21486.0176,-1345.8019
731.0,-6414.8332,38779.5744,-10838.1192,1577.6407,-28483.8784,3290.7878,13691.1024,-11351.4024
732.0,2822.5988,2362.4514,5765.542,12657.5656,16589.8784,-12796.516,-26874.4288,-1469.3767
733.0,8442.22,5193.1036,-4977.6888,-9466.484,-13260.5856,5505.5812,11569.9432,-2038.6446
734.0,2206.951,1431.5437,9673.4992,9976.692,8302.5448,-10426.6104,-26424.3472,4365.2304
735.0,-4805.1144,36717.5392,-9122.196,-7401.684,-12250.1208,-4072.3524,13033.1256,-11720.668
736.0,32876.5856,7135.496,-16787.9168,-6388.5332,-6322.612,-13380.1544,607.7427,1729.7314
737.0,11830.884,11550.0304,573.2539,-6812.68,17844.0448,-17800.584,-14377.608,-3782.4684
738.0,-2065.424,15590.184,-2013.5454,14866.352,7084.112,-12998.0616,-23788.8288,2363.9312
739.0,-12352.6912,24017.5408,-4173.3296,2223.8124,-16005.7104,9635.7264,13504.5632,-16972.3168
740.0,9404.4832,-3758.9868,-4246.7352,-13078.4968,-13934.6928,7226.9816,7652.1032,11394.3904
741.0,-4908.4044,381.1479,11811.4432,2806.1268,3247.1186,6213.5704,-15533.0848,-4185.1504
742.0,2488.7376,-2124.066,-5350.4996,-9662.2904,-14755.7904,21185.8848,16699.0432,-7560.0488
743.0,11528.3616,1131.7437,-2289.9064,-13608.8928,-17312.56,-12904.068,23794.0816,10162.5176
744.0,-9207.2952,24891.8032,-4804.4056,8417.9688,-19167.0592,4346.1108,3891.2904,-8063.04
745.0,21964.6784,786.7641,-4410.476,8476.4232,-5090.2948,-3062.473,-21012.4256,1836.8696
746.0,-5340.9052,12303.7344,-3702.4396,23425.1152,5455.588,-13167.4088,-19412.2272,-362.9823
747.0,2600.5608,2668.1478,-3558.746,-9396.3248,-11803.3776,1536.1162,14329.608,4924.2872
748.0,-11167.4264,31554.5632,-3999.5544,5773.7164,-14984.512,-7558.2648,3425.8056,-2758.218
749.0,-6013.296,24000.0336,-7074.7584,3036.4802,-19511.184,2442.8548,7602.3688,-3869.2428
750.0,2964.9622,3469.4484,-6844.4416,-21451.3984,-18663.8992,5670.0216,30227.0848,5933.4692
751.0,-8462.4632,1857.534,17151.3984,-4774.528,450.9069,7194.3792,-15261.3664,2139.273
752.0,14244.5312,-952.3993,-3149.8946,6698.9992,15103.7648,-9330.2392,-18746.6528,-4377.6744
753.0,1408.2086,-7457.5928,7335.452,19018.3552,13973.6928,-9842.0232,-30786.1536,5562.5184
754.0,9153.0208,909.9217,-263.9849,-8880.4104,-22296.0832,-7939.3136,-3378.2428,33113.6064
755.0,-12452.512,23789.3024,-3040.5922,-732.6807,-15656.9792,6069.216,14195.9408,-11945.7568
756.0,7844.6192,19356.8112,-13949.976,13644.6128,-13712.936,-812.2814,-15446.4416,2686.2268
757.0,-7827.828,1817.0496,10800.196,4058.4444,3043.5952,5046.8672,-16762.9488,-185.9867
758.0,360.5504,852.8637,305.1606,19130.7168,13982.8256,-12479.2864,-28703.3024,5420.6076
759.0,14267.0832,1562.5359,-3580.5772,-6390.3056,-13184.54,-10821.284,9325.4584,9255.092
760.0,-11909.7008,-1614.4664,-2095.0056,-3190.0754,-14659.9408,11318.7088,13569.1088,8787.432
761.0,-3195.4882,-7892.3848,-8845.0704,-4319.0592,-19159.0272,14127.896,-1646.9672,30964.8032
762.0,12886.1576,-5527.1836,-9936.4248,1148.6721,-1609.5425,-1254.5139,-11989.592,15677.528
763.0,7075.996,2024.9044,-7620.0792,-15212.8256,-18692.3744,13630.848,25530.064,-5720.1212
764.0,4423.6084,-8255.4792,7191.8016,10777.9016,23625.7376,-3864.4628,-31067.2448,-3703.5744
765.0,14150.5024,-7359.784,-3629.4864,3881.4432,-10060.004,4806.9764,-17172.9984,15208.5872
766.0,20135.9408,-2950.3184,-5656.1872,6790.0904,3454.9452,-6297.7236,-13318.0272,-2961.2756
767.0,-18216.7488,35591.2608,-2119.4078,-2062.819,-12425.8704,13855.192,11372.9432,-26167.6928
768.0,7890.1816,-1634.0276,-6880.5248,-10299.2552,-15250.4944,22446.8752,8212.2072,-3599.706
769.0,8570.9192,9356.092,589.8669,8207.0584,18175.8416,-12968.6472,-22929.3728,-10077.408
770.0,-561.4442,889.7158,3969.1696,16756.3968,7463.0072,-2054.9248,-27889.904,458.1011
771.0,20927.2192,-5758.1496,-11014.3104,-6092.9252,-14340.3072,3669.672,-3106.0796,16251.0
772.0,8272.192,-11941.7,-7151.4464,3600.7304,-2108.1784,3748.8924,-18804.928,23999.8416
773.0,-5740.4052,-6018.3028,-7572.7344,-5328.8756,-24813.3184,9557.2656,-317.8988,40610.4256
774.0,-14489.2048,116.743,2021.6038,-9398.0336,-8540.544,26101.1072,5591.1112,-250.352
775.0,-3923.5392,-1045.0901,5978.3456,7628.908,18530.216,-9467.0296,-18626.848,164.034
776.0,-6479.5944,-1010.3735,8000.4408,8662.4736,19750.656,-10619.3664,-19898.7312,714.6429
777.0,-11260.6224,1030.1796,-7164.2904,-12166.3152,-19346.832,19670.1952,25787.744,4392.082
778.0,-16658.1504,4655.5136,-2503.987,-14144.8928,-22570.4752,22510.9712,21110.9136,8744.7672
779.0,13986.9392,-8098.2208,-10573.7488,5223.6796,-4909.9664,-3623.3996,973.3123,6842.8552
780.0,-9177.292,-3584.8,-8089.4408,-15732.2048,-21928.7152,19500.0096,30772.2464,9643.3584
781.0,-10626.8312,5263.4404,-8712.9464,-15724.704,-22874.6048,21735.432,24402.5344,7510.8512
782.0,-2728.6846,-11508.4792,-7258.3624,-7858.1968,-21436.32,19125.4048,-4778.1652,37011.808
783.0,15100.4064,4445.3344,-46.9234,-4189.6964,-7127.2784,-2251.596,-4025.266,-2756.8674
784.0,-22267.7104,21522.5216,-2777.675,-9264.1448,-20875.4016,24731.9024,21860.5648,-12538.336
785.0,-11607.3776,12386.6688,-7750.5288,-9209.224,-20742.5824,18920.7584,10520.72,8061.2416
786.0,20932.5488,6247.7328,-7280.8936,2904.9772,-6539.9572,-15553.32,-4486.1744,2618.4258
787.0,-12545.7752,13035.5744,-7987.8736,-11531.5984,-23918.0512,12172.1104,24019.8992,8021.2232
788.0,-14848.4496,8023.0248,862.2399,2371.3028,-10965.608,7146.652,-16861.9216,24221.2816
789.0,-11326.92,14267.8336,-9293.12,-18197.7504,-24975.16,14844.2448,28906.2272,7136.6248
790.0,15315.8928,-4968.2132,-12296.828,5281.2588,-6896.088,1546.9402,-9389.4544,11395.632
791.0,-11740.212,5477.5752,13002.864,-213.7574,5707.7,2369.9304,-18282.848,3639.3064
792.0,-13965.784,15552.7424,-1493.6724,-11785.7184,-14477.9984,11789.5144,13052.5,2178.077
793.0,-4211.9428,8249.1112,-5447.2408,28087.5296,5637.0096,-8890.5136,-33005.648,8465.2216
794.0,1073.6901,-12782.1192,-4547.272,-1699.234,-10824.9032,15740.2544,-16942.4976,30103.3952
795.0,-12754.2344,1723.7764,-5857.1548,-4088.5512,-21508.1296,14990.1648,-3492.8448,31335.408
796.0,-12696.6712,-2340.018,-1261.4336,-1740.8002,-20144.1312,20196.0112,-11378.7464,29866.0768
797.0,2894.4012,-12435.1048,-6301.724,7636.9968,-4382.7516,10397.568,-30572.0928,31995.8336
798.0,-17542.0368,-1522.6234,1255.0276,-2713.9226,-21367.8352,23475.0288,-12505.7384,30961.3024
799.0,-2384.7858,-6000.272,4117.9488,12743.948,25859.8944,-5335.8872,-30651.4112,490.9934
800.0,4634.8944,-12392.1456,-8043.0368,1599.9524,-8309.5256,17805.24,-26105.3264,30609.792
801.0,-14364.672,4423.5552,-5708.3432,-7052.8288,-21915.4704,16798.112,2677.811,25725.4448
802.0,-5238.5244,-6202.3212,5713.8324,12553.5664,27717.44,-5599.95,-30120.592,614.9386
803.0,-19957.6976,32598.2112,-1892.2202,9722.0624,-11310.196,-3056.1176,-5167.2248,-1170.245
804.0,-4315.6364,-237.3088,-6132.4492,-11632.4088,-14086.7328,27884.1536,4955.974,4581.8916
805.0,-3806.5656,2296.0164,-1454.3933,17278.1776,13077.1576,-12309.3632,-18275.768,2512.0518
806.0,-11556.2176,-5045.4632,-4967.3448,2597.3318,-14512.0736,7953.7272,-3643.1092,29516.288
807.0,-4405.9144,-519.8423,-983.3341,-43.7142,-6970.5928,-527.6491,4766.9092,8390.9176
808.0,6897.2512,-8837.5272,2643.5756,15834.4112,28389.8624,-12338.0048,-29219.6064,-4668.7116
809.0,2660.871,907.9751,385.265,-8591.4104,-4925.6108,18277.3984,2952.8448,-10872.5048
810.0,-4611.7088,-1494.2876,13988.1408,-2380.179,3359.8712,5188.9064,-12543.8568,-1425.8258
811.0,12532.7168,-16593.9536,-1533.6017,6021.1572,5573.4424,5806.3148,-23134.4352,10937.4032
812.0,-2612.7144,-16959.8,637.4768,-1100.1074,-5710.9832,24403.5664,-12810.0808,14741.5456
813.0,-8220.3416,3913.7952,-1659.4041,-8086.8768,-13492.5584,13837.808,17272.104,-3044.103
814.0,-15849.3008,6632.598,-6374.778,-12145.9416,-22067.4496,39502.2784,18699.928,-7328.8664
815.0,-5925.922,-167.6673,13007.1032,-1353.6189,4440.0308,9009.5016,-18192.0528,-1074.8196
816.0,2863.478,-16890.8384,-4295.9852,8580.092,-5444.3504,23261.0768,-26327.6,18007.784
817.0,-10059.7448,2034.7636,-5531.7264,-11597.0248,-19240.8752,24907.4752,22182.3344,-1609.826
818.0,-4534.7408,-3476.7524,7750.5368,7269.7208,18790.1488,-6991.888,-22056.8656,2532.5704
819.0,120.5189,-5678.7868,-10892.0656,-2831.9726,-20336.7632,4909.7772,6038.0152,28776.8032
820.0,-7597.3176,15364.8928,6673.1556,-3952.0032,-7991.7152,-3701.2284,-2527.6028,3317.3942
821.0,-4730.272,-7070.0848,15056.5984,-1614.8594,1693.4,2720.134,-14403.9888,8332.2832
822.0,-4846.21,-5981.772,-946.6907,-5863.4976,-16051.9728,10658.32,14677.2768,8924.1768
823.0,-1925.5982,23217.3072,-11471.5256,14584.6304,-18498.9552,-574.9244,-8265.4512,2988.513
824.0,2449.5076,-8152.6344,-10616.3928,-7385.4944,-23044.9664,26147.6816,16360.7584,5008.9792
825.0,1795.8522,-7833.54,5240.1288,7253.76,18941.5056,-5684.6812,-19892.0288,-590.7005
826.0,-6059.084,2663.5352,10843.4208,2900.0174,-5240.3072,-6947.7752,-5135.0128,6986.2776
827.0,12009.1456,-6511.1324,1330.3224,10274.8376,16396.6464,-14085.8016,-22993.7952,2472.013
828.0,-1685.4114,-5176.6396,14636.6304,119.3497,4148.4288,-2831.5874,-16207.2832,6747.736
829.0,-5004.1308,-6339.0216,-1757.8532,-5777.56,-16475.2112,10766.7688,17748.2416,7522.6584
830.0,5807.0264,-7951.028,4818.2944,9867.14,18426.7408,-2815.4932,-25307.8416,-3750.1784
831.0,2242.7214,-3136.4802,-1263.9485,24477.6672,4751.4244,-2432.3708,-34438.1888,8794.3832
832.0,4815.0072,-7074.7008,3174.92,15265.3456,16919.9568,-8107.0168,-30294.8416,4184.0936
833.0,-6403.922,-3816.3192,12023.5712,4401.924,-7244.6848,10339.6056,-14026.3552,4871.3724
834.0,17024.6928,-14169.9184,-6524.6532,29565.0496,-3710.7548,3841.148,-18798.3264,-7548.3168
835.0,-4956.8936,-5779.044,328.7761,-460.0142,-18921.4368,22780.9168,3921.5052,3724.8832
836.0,-3218.5296,-5255.9588,13166.7472,3444.0908,-3668.0048,6989.5848,-18472.992,6938.1832
837.0,24349.656,-20935.664,-11160.2088,15362.7136,-11428.1064,8301.5624,-11830.7264,7164.9056
838.0,2626.7042,-2316.698,-2590.8264,29513.9712,4221.9228,-5571.0568,-28788.96,1996.0488
839.0,-4024.3776,-5748.048,13480.5232,5190.3376,-3151.6518,7177.2752,-17958.5952,5075.2852
840.0,22594.72,-15125.1472,-14099.536,6588.4852,-19942.3104,11138.0032,-6238.6748,15109.6048
841.0,6895.9328,-13210.76,266.8768,23267.4976,19441.0448,-5749.1192,-30192.7456,-1881.554
842.0,546.5155,-2337.9734,-781.9829,17665.2192,8447.8416,-664.5365,-28742.48,4905.8512
843.0,3820.4604,-4830.7632,1884.2112,20754.7232,5140.6724,-3060.1362,-31815.712,7180.1504
844.0,1480.7546,-11730.6552,5534.796,12526.384,23303.7888,-2656.04,-32388.4544,2929.1188
845.0,-3754.3008,-4948.6048,-2411.2404,-8815.6632,-23947.0672,22536.8752,21082.2,1179.319
846.0,2710.3366,26258.0112,-15688.9616,24111.6928,-22389.9616,-8008.8384,-8625.1944,1545.1488
847.0,-2209.5066,-5395.7096,12437.0536,-1545.173,-2905.958,-1541.7562,-9540.5416,10664.4832
848.0,-815.2865,-9443.244,4062.4696,-5251.3808,-20511.7008,-3401.7712,5606.834,30126.5504
849.0,35600.9984,-6287.9824,-10925.1096,1097.5366,-4618.6016,-22263.9376,4934.4388,882.2656
850.0,-4539.444,-6390.8804,14223.456,-2976.3704,-1764.7062,3193.4778,-9403.2248,7813.9904
851.0,10956.8592,-3089.1016,-15583.352,-14052.8208,-22642.5472,1847.222,42752.0672,692.5483
852.0,11400.516,-2925.2502,-15198.1264,-3337.865,-17811.4448,-1078.5275,22028.8768,7301.8288
853.0,-2790.1462,-7746.176,3741.9,-1706.6962,-8863.8088,-2897.392,-4587.1104,25100.248
854.0,9099.536,-14266.472,-695.9575,-6004.6968,-6427.3384,-7700.888,4239.8592,22570.728
855.0,724.3336,-5630.4052,4385.958,-6611.9252,-9620.1024,-11537.5224,17407.3392,11344.9296
856.0,6033.8556,-6483.1476,-6256.7056,-19758.1776,-10316.2304,-3996.9676,37090.2656,4947.8848
857.0,633.7066,-14424.1584,8570.3768,9247.1208,32116.8032,-9040.2512,-27890.4256,193.3267
858.0,1296.1176,-7410.9432,5455.8952,11971.876,24686.1344,-11484.8976,-28507.6416,2857.9544
859.0,-1903.9112,-5586.4388,-820.9333,-9918.3216,-8194.7384,7344.8864,12167.0408,7674.12
860.0,-7975.7128,20748.08,-849.4622,5594.9028,-8731.376,4742.0772,-9428.9552,-3825.5992
861.0,-5903.4984,31446.72,-10649.0984,11397.2424,-7501.1888,-5436.9912,-7198.9648,-5804.452
862.0,17366.0176,-12880.2624,-2901.4996,18669.1536,15904.7376,125.8706,-31398.5248,-5679.148
863.0,4748.9992,-4220.026,-10040.2088,-11448.0072,-5440.5016,21225.784,6483.3072,-492.6563
864.0,2715.1962,-11776.6464,5197.4632,9224.9064,30347.5808,-6725.4928,-29244.2784,-590.0525
865.0,24395.3472,-3004.2454,-19951.8144,3764.7332,-7501.532,-7121.4016,381.8274,8717.5312
866.0,3989.4092,-8311.1408,-3164.5276,-17060.992,-8685.056,-2092.7692,29637.6512,6741.2472
867.0,-4750.132,352.7491,-1466.5413,-6000.8608,-6755.9088,2908.4938,13040.7488,3792.7224
868.0,5351.8384,-11947.6696,2029.9462,11043.508,32912.2784,-4963.7608,-32617.6352,-2736.6376
869.0,7089.144,-11546.7312,1287.6451,11582.296,34311.9328,-7155.2888,-32075.0304,-4597.4156
870.0,3397.6752,-6812.4504,2541.2574,-2226.9582,-7638.8736,-640.5226,-19468.6256,30589.3248
871.0,1797.0462,-11243.092,9222.7472,6067.1364,26870.8608,-2085.9986,-31656.288,197.0926
872.0,-3700.8684,-5725.8028,-3914.2176,-4410.5196,-5041.4904,12635.6376,4562.0336,6277.6704
873.0,22723.8176,-18604.8176,-9538.924,4065.912,5864.5412,-284.6935,-13446.8512,8814.5536
874.0,-2390.1872,-5855.5084,-4822.6832,-12170.1816,-10651.932,16347.7232,22729.5824,-1943.2022
875.0,6584.0128,-12146.8312,2295.4902,11822.5272,29876.5504,-5548.742,-33030.4448,-979.9316
876.0,1181.2084,-5413.6452,-10880.7528,-6262.3404,-13026.5632,11783.6376,18092.216,5531.1444
877.0,1156.8451,-11457.7024,6098.8252,6218.7076,33565.4816,-5652.0108,-29242.7872,-987.4752
878.0,-6035.8208,-6918.6384,14661.8336,-677.4513,6610.7316,8626.8104,-22951.2144,6704.6964
879.0,-427.6258,16176.0352,-10815.9776,22481.6736,-6825.8064,798.2613,-34154.3392,12377.8176
880.0,4683.41,11199.3248,-9998.616,-26198.8816,-9878.992,5601.668,18947.5248,6548.5908
881.0,2747.873,-1932.8952,-10638.664,-16021.096,-11144.3704,10985.0184,-11175.1152,37756.3552
882.0,11264.5736,8643.0336,-4722.8056,-13512.384,-653.2655,7724.9648,-18801.52,10059.1784
883.0,-9492.8568,2946.8308,-1403.5964,-10221.0888,-1363.3239,19072.3968,-11941.836,12415.1696
884.0,-14117.7312,7536.6712,-675.5649,-12699.0456,-4967.6388,19758.4864,1901.7052,3564.6404
885.0,-2192.2916,960.4384,6793.952,1549.1151,930.6696,-2884.8444,-7067.1248,1753.5322
886.0,-16463.2688,4832.5712,-5682.086,-19398.9856,-10175.8704,20338.5328,17077.92,10234.0344
887.0,-14036.9856,39648.6432,-6956.1,-11673.7536,-4891.9748,-7071.7336,14586.3328,-9447.2552
888.0,-720.4614,-13636.4896,-3372.4312,-5277.0988,12734.5928,12543.4728,-22808.72,20270.8256
889.0,18634.4048,-5800.258,-6393.3836,-5124.8764,2441.7996,-4819.4364,-4398.1808,4309.852
890.0,-10016.3416,5397.0944,8888.4064,-6442.5708,-3201.8174,3453.8488,-4200.0772,6298.6048
891.0,9556.636,-328.7674,-8096.9696,-4046.0424,2995.26,5172.7804,-14877.2192,9037.844
892.0,-13751.0464,3780.8768,-5229.5396,-23647.3072,-13555.2016,16054.2624,33467.392,4064.3464
893.0,-8841.4656,3677.7292,-8776.9696,-22147.3024,-6806.4192,17755.4848,23169.8864,2863.0324
894.0,2122.8418,-9733.1144,-10274.4696,-15940.9968,3802.8012,21483.4176,-23806.1584,32271.488
895.0,9753.9192,-6306.1792,-8330.016,-5628.96,9688.5208,7995.1008,-16594.4,8955.1624
896.0,15925.5232,-6181.9632,-12860.3096,-380.8724,5094.3624,5033.0516,-11106.5432,3823.0604
897.0,106.2738,4129.628,-3004.305,6670.3304,13423.816,5693.3192,-37604.7328,9473.3984
898.0,-3503.4312,-5826.2928,6223.2036,9224.864,23469.7424,2483.2134,-34779.0688,1798.0986
899.0,-3720.838,-4663.2256,7529.0184,9791.9544,21014.8688,2973.6922,-34387.1488,558.4288
900.0,-13284.764,5336.582,-5025.7944,-15969.2672,-16146.472,28962.88,16163.1248,1145.7335
901.0,-15853.7248,7959.272,-497.6708,-10609.616,-11574.3816,20392.5408,7577.932,3149.2452
902.0,-9384.74,3849.352,12071.1424,-3349.6408,-2781.0102,-365.7474,-8103.2896,8107.3
903.0,-3578.3936,289.373,-10128.512,-6015.5216,-15356.4256,5049.3236,-3448.958,33019.5776
904.0,-9075.6544,-2760.1858,-7756.0216,-9478.4056,-18783.904,7985.6384,5634.6644,34620.544
905.0,-6942.9152,1375.7876,-4003.5628,-13377.5856,-19762.7056,5196.2056,3124.5398,34755.136
906.0,-8840.968,4742.75,-7809.964,-20343.928,-14430.024,11410.4104,30108.6016,6148.3348
907.0,-7107.7672,8905.9968,-1068.7476,-2438.5056,-5989.8244,7155.7,-8924.7912,9802.9168
908.0,-13583.9952,4974.9684,11971.3744,-912.2703,226.3082,3058.4396,-12785.932,6833.4456
909.0,-5379.1172,-5011.126,7560.2112,-1988.6168,-4847.6164,9685.8752,-6242.7456,6162.696
910.0,-9794.6944,1444.8054,9960.6016,9019.6816,12424.0584,-8070.6288,-13072.696,-2101.7238
911.0,-11666.12,803.112,4996.3852,2279.4988,-27153.2192,3784.9544,8360.9408,18942.9008
912.0,-14028.5104,3598.1048,5939.1668,-1808.8836,-16022.6864,11727.0232,10132.2728,837.5462
913.0,7160.6096,-8301.9856,-1058.082,14975.2352,-6910.5032,-1748.2974,-16786.616,11874.2576
914.0,-10823.596,1515.8649,11155.1872,11777.5392,12410.8776,-8870.392,-11982.944,-5364.0752
915.0,-10475.0616,5890.0244,-2537.0142,-24823.0864,-24801.448,5554.6676,43112.0128,9031.616
916.0,-4464.8304,-7899.2136,-3707.0424,-10921.9264,-29478.3616,1300.3353,15649.8512,40006.9664
917.0,-6168.4532,2901.238,-6171.4108,-21370.4624,-19242.7136,28687.328,38488.8544,-15980.6064
918.0,-8026.8112,4620.0412,15047.5408,-1446.043,-5474.3604,5309.9084,-7100.8984,-2936.1736
919.0,12128.9496,-1369.26,-12655.0432,-11874.4584,-10787.156,25173.784,5450.4756,-6116.1032
920.0,7820.484,5465.326,-4351.2416,-11726.1112,-13362.752,20486.7248,11199.2184,-14883.1392
921.0,4047.6828,5798.7904,-968.9436,-13090.7608,-20512.2272,13845.9008,20225.2368,-8805.612
922.0,2062.5516,5555.0428,1908.9268,14475.6224,6201.398,-9871.1224,-16680.112,-4464.562
923.0,5544.752,6175.2988,-6750.3856,-22720.7792,-27618.4544,11796.2024,46735.5552,-12210.5664
924.0,8839.1784,173.5715,1047.3997,-18352.7376,-15038.3776,13614.736,21607.1008,-11174.9144
925.0,-780.4171,4122.498,7724.9888,13623.3632,-3765.7404,-2439.2054,-22027.5936,2652.8782
926.0,13890.3888,-3243.7632,4800.1364,11229.1752,6471.5444,-8573.6712,-16110.3248,-9215.6776
927.0,19211.8608,-8586.636,-10563.3448,7531.888,-2822.6688,-7428.564,5537.9184,-3368.096
928.0,-9509.3848,5753.2176,9758.2216,16177.0752,9596.2176,-17510.5856,-11552.0056,-3485.8896
929.0,-10583.8992,307.6313,7769.0056,-13453.0192,-12793.0528,5157.1192,21531.016,3082.8802
930.0,-4317.2808,-1596.7808,5527.7772,16042.0736,13916.144,-7083.0952,-26149.6016,2504.3034
931.0,4609.6308,7081.2176,6803.4496,-2177.0606,3284.5154,-17131.8416,13155.58,-16878.4576
932.0,10150.6232,6146.1348,1944.948,-20376.8576,-9070.4344,3683.3336,16301.2432,-8126.2928
933.0,-6818.6336,28935.3952,11499.4744,-8351.6328,3351.8442,-4441.0104,-12698.7736,-11784.432
934.0,14712.4176,-8740.5856,-1335.7731,-9500.9392,-7573.3192,4325.9464,-9521.9208,17821.6992
935.0,6901.616,-9812.9912,8681.0368,12153.888,19708.168,-5729.0116,-36013.7824,3040.9522
936.0,3056.6194,40600.848,-4621.318,2820.673,-18120.7456,-8582.5912,2590.7188,-17626.9856
937.0,7244.5792,5484.9492,-5211.6508,-20521.2864,-13175.6408,18422.6,22338.3424,-13766.0176
938.0,6489.0812,2203.9412,-1565.6694,-12386.3624,-7858.9464,22095.1648,6776.568,-14698.1936
939.0,2327.7082,-1641.1456,11491.9016,6422.3888,3455.3856,-6488.9336,-12741.7904,-2880.0396
940.0,4634.2188,2464.9462,-1527.0684,-11145.7624,-16890.7712,13564.2112,-4499.638,13433.7168
941.0,10011.9264,4699.1044,-1151.6787,-23476.0864,-16081.5776,-2788.8586,28678.32,1149.2277
942.0,14684.1616,6266.2928,-7333.352,-23774.3792,-16392.0448,-460.8587,29423.136,-1541.6884
943.0,49130.7968,-7549.8504,6863.2464,-3905.3096,3587.612,-27256.3104,-20367.824,-1907.244
944.0,-2642.8852,48387.3312,-4252.6292,2345.6806,-21571.5312,-18780.8288,14245.9872,-17170.1776
945.0,7670.7864,1539.6995,7657.8216,4352.6856,18810.0944,-22493.0528,-24072.3504,5550.5972
946.0,3988.7264,314.0239,13338.988,4753.5088,8022.7176,-17692.4336,-20702.6176,7783.6208
947.0,4853.1476,-3849.4324,7356.6488,10415.0752,22660.1952,-14427.3872,-28568.5824,470.6778
948.0,-6457.126,1486.3358,16365.1408,-4318.914,2401.4588,1979.3214,-12934.0928,1732.5452
949.0,35421.0336,2841.1766,1053.6268,-5709.9676,1869.0086,-23754.4096,-15761.5248,3268.6806
950.0,25542.5568,2833.0134,-14875.168,-11472.7512,-4219.9648,-9626.4072,8022.1472,4107.5868
